# Number of Floors, Capacity
67, 5
# Floor Requests
0: 35, 20, 55
1: 37, 17, 13, 44, 25
2: 28
3: 10, 40, 27
4: 10, 34, 13
5: 55
6: 45, 54
7: 33
8: 30, 3, 18
9: 39, 37, 64, 59, 27
10: 46, 0, 9, 58, 49
11: 12, 2
12: 59, 7, 22
13: 24, 34
14: 59, 59
15: 65
16: 6, 5, 41, 55
17: 49, 41
18: 2, 35, 9, 34
19: 57, 37, 61
20: 53, 36, 31, 12
21: 58, 59, 20
22: 9, 29
23: 47, 22
24: 0, 29, 5, 17, 62
25: 48, 3, 66, 3, 7
26: 54
27: 53
28: 61, 6, 57
29: 14, 58, 65, 13
30: 49
31: 51, 60, 37, 42, 27
32: 14, 61, 34, 44, 47
33: 64, 46
34: 38, 21, 4
35: 45, 10, 63, 28
36: 62, 27
37: 5
38: 17
39: 22, 26, 50, 30, 32
40: 64, 31, 52
41: 17, 20, 4
42: 57, 8, 53
43: 40, 37, 10, 10
44: 52, 39
45: 57, 36, 30, 23, 0
46: 35, 50, 52
47: 20, 20, 43
48: 5
49: 61, 18, 15, 33
50: 13, 32, 44
51: 58, 61, 45, 25
52: 17, 17, 63
53: 40, 49, 54, 5, 31
54: 25, 6, 37, 60, 10
55: 46
56: 46, 18, 28, 43, 7
57: 39, 22, 48, 29
58: 64, 33, 50, 30
59: 58, 37, 63, 37, 26
60: 21, 4, 42
61: 30, 45, 27, 63, 8
62: 0, 19, 61
63: 61, 19, 0
64: 45
65: 63, 21, 26, 24, 10
66: 0, 20, 25, 11, 60