# Number of Floors, Capacity
88, 5
# Floor Requests
0: 49
1: 29, 48, 61
2: 86, 23, 40
3: 10, 77, 69, 11, 45
4: 50
5: 17, 28, 1
6: 61, 13, 73
7: 1
8: 9
9: 42, 72, 51
10: 56, 57, 45, 27, 9
11: 49, 72
12: 53, 35
13: 74, 82, 44, 87
14: 10, 40, 84
15: 45, 11
16: 1
17: 46, 60, 26, 6, 69
18: 30
19: 49, 59, 9, 12, 77
20: 29, 43, 42, 18
21: 80, 47, 48, 17
22: 26, 75
23: 14
24: 38, 21, 11
25: 86, 36
26: 87, 66, 68, 2, 58
27: 39
28: 21, 48, 35
29: 70
30: 86, 56, 87, 10
31: 4, 44, 45
32: 36
33: 35, 48, 45, 75
34: 62
35: 84, 13, 42
36: 38, 6
37: 71, 46, 40
38: 17, 7
39: 17, 25
40: 11, 63, 68, 30, 80
41: 71, 0, 72
42: 3, 1, 18
43: 81, 4
44: 54
45: 72, 0, 3
46: 53, 42, 30, 31
47: 7
48: 83, 60, 12, 85, 56
49: 20, 85
50: 32
51: 53, 78, 4
52: 60, 31, 46, 83, 57
53: 86, 77, 28, 69
54: 67
55: 25, 38, 65, 34
56: 0, 45, 0, 7, 48
57: 71, 33, 49, 42, 18
58: 73, 39
59: 50, 30, 12, 25
60: 35
61: 86
62: 26, 44, 30, 51
63: 27
64: 8
65: 40, 14, 53, 42
66: 1, 13
67: 9, 52, 86, 58, 54
68: 10, 8, 83, 5, 35
69: 53, 4, 36, 30
70: 19, 9, 31, 29, 46
71: 28
72: 67, 46, 84
73: 45, 73
74: 0, 9, 86, 10, 69
75: 4
76: 42, 32, 48, 24, 82
77: 35, 61, 84, 65, 29
78: 59, 66, 6
79: 87, 63
80: 64, 30, 47, 68, 86
81: 48, 85
82: 2, 4, 29, 69
83: 83, 45, 79, 74
84: 51, 31, 44
85: 43, 78, 16
86: 62, 46, 55, 74
87: 87, 42