# Number of Floors, Capacity
27, 8
# Floor Requests
0: 2, 2, 11, 3, 25, 10, 19, 0
1: 20
2: 20, 12, 8
3: 13, 21, 17, 8, 24, 5
4: 2, 6, 8, 9, 24, 14, 18
5: 2, 10, 1
6: 16, 20, 19, 2, 10, 21, 9, 1
7: 5, 23, 17, 14, 9, 24, 5, 12
8: 24, 25, 13, 20, 6
9: 3, 19, 19, 24, 15, 22, 19
10: 0, 11, 9, 1, 11
11: 10, 25, 16, 21, 13, 3, 19, 12
12: 17, 8
13: 15, 1, 21
14: 1, 4, 1, 23, 23, 9, 3, 15
15: 9, 12, 24
16: 14, 8, 20, 2, 10, 20
17: 0
18: 15, 11, 19, 23, 4, 18
19: 12, 21
20: 7, 13
21: 4, 1, 11, 13, 11, 24, 1
22: 4, 1, 18
23: 14, 4, 26, 3, 22, 0, 13, 4
24: 17, 25, 8
25: 6
26: 4