# Number of Floors, Capacity
39, 5
# Floor Requests
0: 9, 28, 34, 22
1: 21, 0, 11, 2
2: 25, 12
3: 27
4: 26, 29, 10, 8, 8
5: 7, 33
6: 21, 36, 21
7: 9, 21, 29, 31, 0
8: 23, 1
9: 37, 29, 11
10: 2, 14, 18, 6
11: 19
12: 36, 1, 27, 12
13: 25, 30
14: 11, 4, 32, 2
15: 2
16: 3, 35, 14, 35
17: 38, 8, 26
18: 17, 9, 4
19: 10, 37, 15, 7, 2
20: 13
21: 14, 11, 15, 28, 32
22: 0, 33, 17, 7, 1
23: 27, 23
24: 14, 24, 6, 33, 3
25: 17, 4, 17, 33, 18
26: 10, 8, 24
27: 31, 25, 28, 19
28: 7, 18, 17, 35
29: 27, 33, 37, 35
30: 38, 23, 38
31: 25, 21, 0, 17, 37
32: 28, 11, 33, 33
33: 33, 30
34: 12, 5, 7, 6, 31
35: 8
36: 36, 26, 16
37: 26, 19, 18, 28, 25
38: 17, 36