# Number of Floors, Capacity
43, 5
# Floor Requests
0: 18, 36, 26, 4, 40
1: 10
2: 40, 41
3: 22
4: 42, 22, 42
5: 26
6: 41, 39, 10, 10
7: 1, 19, 34
8: 16, 23, 12, 9, 4
9: 40, 11, 28, 26
10: 36, 26
11: 37, 11, 26, 35, 12
12: 14, 14, 12
13: 29, 6, 39
14: 7, 10
15: 31, 1
16: 20, 10, 6, 4
17: 30
18: 8, 5, 12, 21
19: 23, 21, 8, 37, 16
20: 1, 12
21: 7, 2, 17, 27
22: 6, 18, 16, 4
23: 37, 42
24: 12
25: 17, 1, 31, 5
26: 39, 12, 4
27: 11, 22, 19, 22
28: 17, 12
29: 38, 37, 26, 14
30: 10, 10, 32, 23, 0
31: 36, 39
32: 42
33: 40, 21, 25, 20, 1
34: 20, 3, 23, 29
35: 8
36: 24, 32
37: 27, 41, 30, 20, 37
38: 6, 39, 35, 3, 39
39: 37
40: 42, 9, 39
41: 31, 2, 21, 21, 36
42: 1, 35