# Number of Floors, Capacity
52, 5
# Floor Requests
0: 49, 14, 25
1: 2, 15, 26, 38, 19
2: 46, 37, 41, 38
3: 11, 22, 18, 6, 16
4: 29, 3
5: 37, 15, 23, 3
6: 29, 8, 39, 22
7: 19, 45
8: 3, 46
9: 41
10: 38, 41, 39, 49
11: 40, 34
12: 20, 27, 46
13: 47, 0, 10, 43, 25
14: 44
15: 18, 43, 45, 41, 34
16: 6, 11, 5, 39, 11
17: 5, 49, 2, 1, 50
18: 33, 17, 5
19: 37, 25, 10, 4, 3
20: 4, 28, 24, 44
21: 42, 26, 0, 18
22: 2
23: 39, 29, 21, 5, 45
24: 3, 3, 33, 41, 9
25: 35, 3, 30
26: 33
27: 0
28: 26, 24, 33, 47
29: 21, 10, 5, 16
30: 10, 23, 38
31: 40, 15, 25
32: 22, 27
33: 17, 13, 24
34: 45, 38, 25, 22
35: 40, 28, 43
36: 42, 28, 6
37: 3, 41, 16, 22
38: 11, 9, 17, 27
39: 3, 31
40: 25, 30, 16, 44
41: 27, 28, 33
42: 28, 28
43: 46, 38
44: 6, 28
45: 27, 42, 29, 41
46: 28, 51, 40
47: 3, 3, 4, 21, 28
48: 7, 11, 25, 36, 38
49: 0, 30, 35
50: 33, 16
51: 1, 10, 3, 33