# Number of Floors, Capacity
83, 5
# Floor Requests
0: 2, 10, 40, 62, 28
1: 18
2: 49, 78, 38, 35, 27
3: 19
4: 29, 45, 33
5: 2
6: 55
7: 82, 24, 53
8: 36, 77, 60, 71, 77
9: 35, 61, 53, 46, 24
10: 63, 38, 78, 23
11: 39, 73, 39, 22, 41
12: 76, 6, 80
13: 5, 65, 60
14: 79, 25, 49
15: 14, 10, 28, 8, 31
16: 21, 24, 39, 38
17: 71, 47, 21
18: 22, 69, 35, 67
19: 68, 71, 36, 2
20: 12, 50, 65
21: 27, 65
22: 45, 73, 43, 73
23: 65, 81
24: 24, 25, 21, 0
25: 25
26: 56, 63
27: 73, 30, 35, 25, 52
28: 64
29: 68
30: 73, 72, 37
31: 4, 63
32: 22, 71, 25, 2
33: 28, 13, 49, 69
34: 45, 50
35: 71
36: 40
37: 67, 51
38: 13, 9, 57, 74, 66
39: 55, 71
40: 3, 61, 62
41: 1, 49, 54
42: 52, 54, 19, 65
43: 60, 73, 40, 49, 3
44: 52, 64
45: 71
46: 69
47: 7, 45, 40
48: 75, 53, 76, 35, 53
49: 13, 71, 9, 66, 63
50: 32
51: 2, 69, 0
52: 81
53: 45, 42, 77, 58
54: 3, 31
55: 56, 10, 12, 27
56: 60, 48, 70, 44
57: 41, 27
58: 42, 25, 21
59: 4, 8, 10, 19, 24
60: 36, 1
61: 71, 26, 54, 21
62: 62, 72
63: 53
64: 53, 69, 71
65: 41, 56, 66, 49, 59
66: 9, 12, 79
67: 53, 64
68: 44
69: 16
70: 80, 17, 42
71: 44, 76, 55, 24, 47
72: 81
73: 57
74: 55, 69, 62, 42, 19
75: 7, 35, 44
76: 49, 66, 14, 8, 6
77: 25, 54
78: 80, 36, 6, 56
79: 5
80: 33, 16
81: 82, 26, 15, 46
82: 36, 1