# Number of Floors, Capacity
26, 8
# Floor Requests
0: 15, 16, 17, 25, 22
1: 9, 23, 19, 11
2: 18, 15
3: 15, 17, 23, 2, 13
4: 11, 5, 17, 20
5: 3, 17, 15, 15, 14, 12, 20
6: 17, 22, 15, 22, 24, 13, 24, 11
7: 15, 2, 6
8: 10, 17, 5, 24, 18
9: 13, 16, 19
10: 1, 17, 1, 11, 5, 5, 4
11: 14, 15, 19, 20
12: 4, 15, 16, 19, 20, 4
13: 9, 9, 4, 20, 3, 19, 1, 8
14: 2, 16, 22, 25, 13, 16, 2
15: 5, 25, 6, 8
16: 12, 21, 20, 5, 15
17: 1, 0, 3, 3, 12
18: 2, 21, 23, 6, 19, 15
19: 25, 6, 17, 13
20: 19, 1, 13, 18, 8, 16, 21, 25
21: 15, 0, 2, 19, 12
22: 6, 1, 13
23: 25, 14, 9, 17, 24, 7, 16, 24
24: 11, 20, 18
25: 14, 15, 11, 13, 15, 10, 17, 23