# Number of Floors, Capacity
73, 5
# Floor Requests
0: 60, 41, 20, 71, 6
1: 47, 23
2: 67, 53, 62, 8
3: 41, 17, 13, 65, 9
4: 58, 24
5: 51, 10, 28, 0
6: 33, 39
7: 44, 71, 46, 16
8: 24, 32, 22
9: 1, 0
10: 55, 31, 65, 40, 63
11: 16, 70
12: 66, 58, 60
13: 12, 4, 35, 4, 20
14: 66, 42, 50, 69
15: 37, 17, 47, 16
16: 32, 50
17: 71, 30, 57, 20
18: 59, 30
19: 61, 59, 29, 66, 57
20: 62, 26, 52, 14
21: 55, 7, 20, 20
22: 17, 49
23: 58, 25, 24
24: 14, 12
25: 8, 1
26: 24, 47, 24
27: 41, 6, 56, 62, 47
28: 3, 34, 9, 24, 60
29: 60, 5, 53
30: 39, 1, 20, 68
31: 50
32: 36, 6, 54, 63
33: 13, 51, 12, 51, 49
34: 41, 20
35: 13, 22
36: 59, 65
37: 24, 51
38: 46, 11
39: 18, 51, 40, 30, 60
40: 10, 31
41: 53
42: 32, 30, 72, 20
43: 22, 57
44: 42, 1, 2
45: 62, 51, 59, 32, 42
46: 32, 57, 35, 8, 68
47: 47, 67
48: 65, 49, 16, 26
49: 1
50: 5, 66, 43, 68
51: 64
52: 14, 52, 59, 10
53: 57, 45, 43, 17, 51
54: 18, 22, 12, 28, 41
55: 42, 36
56: 50
57: 62, 45, 25, 21, 33
58: 23, 71, 8
59: 58, 21, 37, 46
60: 11, 53, 21
61: 23, 38, 71, 43
62: 16, 22, 9, 22, 33
63: 21, 31, 27
64: 14, 52, 62
65: 66, 55, 54
66: 11, 21
67: 24, 17, 66
68: 10
69: 1, 53, 23, 17
70: 42
71: 48, 62
72: 20, 33