# Number of Floors, Capacity
94, 5
# Floor Requests
0: 38, 52, 82
1: 8, 36
2: 90, 19, 65, 47
3: 74
4: 80, 26, 19, 71
5: 13, 55
6: 56, 36
7: 87, 12, 37
8: 54, 9, 18
9: 9, 46, 61
10: 37, 10
11: 6
12: 66, 32
13: 31, 4, 63, 85, 50
14: 16, 88
15: 22, 88, 49
16: 42, 30, 13, 32, 49
17: 21
18: 19, 88, 56, 53, 20
19: 71, 53, 90, 7, 56
20: 66, 6, 59, 21, 74
21: 41, 36, 83, 44, 21
22: 5
23: 54
24: 64, 61
25: 38, 39, 89
26: 12, 28, 13, 68, 70
27: 29, 52, 42
28: 25, 10, 2, 13
29: 87, 51, 82, 71, 90
30: 75, 9, 90
31: 14
32: 8
33: 63
34: 73, 57, 9
35: 11, 23
36: 48, 12
37: 53, 69, 68, 31
38: 37, 39, 72, 16, 72
39: 80, 56, 76
40: 41
41: 41, 84, 63, 77, 14
42: 90, 86, 57, 13, 64
43: 16
44: 85, 74, 36
45: 87
46: 0, 25, 9
47: 36, 56, 41, 23, 9
48: 20, 80, 4, 3
49: 15, 71, 24, 12, 79
50: 37
51: 14, 31, 66
52: 78
53: 41, 58, 45
54: 62, 21, 55, 90
55: 42
56: 64, 15, 85, 10
57: 85
58: 40, 53, 92, 45
59: 50, 93, 11, 56
60: 9, 47
61: 78, 20, 11, 88, 42
62: 17, 53
63: 39, 3
64: 56, 82, 36, 76
65: 35, 86, 37, 65, 91
66: 93, 0, 31, 53, 77
67: 17, 3
68: 87, 54, 68, 80
69: 12, 1, 93, 85
70: 33
71: 34, 66
72: 7, 61, 74, 25, 38
73: 80, 86, 75, 64
74: 12, 68, 41, 35, 39
75: 25, 72, 46, 87
76: 71, 70, 42
77: 82, 89
78: 92
79: 5
80: 4, 59, 88, 27, 79
81: 29, 81
82: 51, 9
83: 37, 88, 49, 1
84: 87, 26, 55
85: 39, 88, 13, 63
86: 6
87: 43
88: 60, 25, 63, 90
89: 63, 42, 75, 93
90: 71, 5, 40, 58, 50
91: 66, 2, 5, 20, 8
92: 78, 84, 51, 66
93: 0, 42