# Number of Floors, Capacity
30, 8
# Floor Requests
0: 18, 7, 27, 3, 18, 29
1: 22, 20, 24, 11, 18, 20, 4, 6
2: 19, 8, 25
3: 12, 0, 25, 15
4: 12
5: 26, 6, 7, 12, 20, 1, 21, 6
6: 15, 1, 20, 24, 10, 19
7: 6, 24, 20, 1, 28, 9, 6, 11
8: 29, 26, 4, 26, 12
9: 27, 3, 28, 3, 14, 22
10: 1, 5, 7, 24, 22, 12
11: 16, 13, 19
12: 20, 22, 20, 26, 27
13: 5, 11, 6, 4, 10, 0, 26
14: 23, 29, 27, 4, 5, 21, 8, 7
15: 1, 23, 19, 18, 9, 20
16: 24, 10, 19, 29, 18, 14, 8
17: 25, 20, 1, 22, 12, 15, 7, 23
18: 23
19: 7, 4, 12
20: 22, 18, 25
21: 22, 16, 8, 11
22: 8, 10, 20, 13, 4, 4, 23
23: 24, 2, 9
24: 3
25: 29, 12, 15, 7, 0, 11
26: 15, 4, 21, 16, 8
27: 14, 4, 10, 19
28: 22, 15
29: 21, 28