# Number of Floors, Capacity
29, 8
# Floor Requests
0: 14, 8, 3, 19, 10, 12
1: 26, 6, 27, 23, 20, 27
2: 23, 25, 24, 0, 5
3: 27
4: 3
5: 8, 2
6: 28, 11, 24, 4, 28
7: 24
8: 4, 15, 2, 21, 3, 26
9: 0, 23, 5, 5, 6
10: 5, 0
11: 12, 4
12: 28, 25, 19
13: 11, 13
14: 14, 15, 25, 0, 21, 22
15: 3, 26, 18, 8
16: 18, 16, 7, 22
17: 1, 14, 2, 8, 21, 12, 7, 25
18: 28, 28, 20, 28
19: 13, 20, 26, 6, 27
20: 14, 17, 22, 25, 3, 21, 5
21: 16, 7, 10, 15, 11
22: 19, 6, 15, 25, 9
23: 27, 19, 22, 18, 27
24: 28, 17, 5
25: 10
26: 11, 7
27: 16, 10, 20
28: 19