# Number of Floors, Capacity
28, 8
# Floor Requests
0: 10, 9, 13
1: 6, 23, 7, 8
2: 14
3: 4, 13, 24, 4, 12, 22, 10, 20
4: 22, 21, 8, 1, 5, 2, 20
5: 20, 18, 17, 23
6: 13, 15, 21, 6, 10, 6, 23, 18
7: 27, 18, 4, 27, 7
8: 7, 4
9: 19, 0, 24, 9, 18, 11, 24, 22
10: 12, 5
11: 10, 24, 19, 19
12: 22, 17, 13, 15, 16
13: 5, 4
14: 12, 3, 12
15: 24
16: 8, 16, 17, 8, 0, 10, 8, 14
17: 14, 5, 12, 13, 2, 13
18: 20
19: 15, 18, 26, 19, 9
20: 9, 8, 24, 21, 21
21: 22, 25, 14, 13, 7
22: 20, 8, 13, 8, 20, 20
23: 21, 24, 11, 23
24: 0, 26
25: 0, 14, 6, 5
26: 15, 1, 18
27: 11, 20, 14, 1, 10, 15, 17