# Number of Floors, Capacity
43, 5
# Floor Requests
0: 31, 0, 14, 38, 15
1: 38, 4, 3
2: 30, 35, 29
3: 29, 25, 34
4: 42, 15, 24, 19, 17
5: 13, 7
6: 37
7: 24, 41, 19, 8
8: 24, 3
9: 15, 36, 0, 29, 13
10: 26, 39, 29, 32, 30
11: 10, 14, 42, 32
12: 18
13: 21, 9
14: 7, 32
15: 5, 12, 20
16: 34, 36
17: 10, 12, 34
18: 0, 32
19: 14, 26
20: 34, 31, 19, 25
21: 1, 5
22: 32, 5, 12, 33
23: 14, 13
24: 3, 8, 7
25: 36, 2, 28
26: 35, 15, 1
27: 16, 18, 42, 10, 39
28: 2, 25, 20
29: 21, 37, 30, 36, 7
30: 40
31: 15
32: 28
33: 7, 17, 33, 0, 0
34: 31, 16
35: 13, 27, 41, 30, 8
36: 20, 30
37: 42
38: 24, 13, 3
39: 24, 1, 21
40: 6, 26, 30, 32, 19
41: 10, 26, 6, 10, 19
42: 5, 30