# Number of Floors, Capacity
53, 5
# Floor Requests
0: 43
1: 24, 41
2: 6, 15, 12
3: 5, 13
4: 39, 18, 10, 35
5: 27, 43
6: 7, 19, 45
7: 28, 45, 14
8: 5, 6
9: 3
10: 15, 14, 13, 36
11: 9, 9, 40, 6
12: 27
13: 3, 22, 41, 21
14: 21, 42, 22, 41
15: 18, 20, 4
16: 31, 22, 15, 17, 39
17: 4, 26, 33, 34
18: 6, 9, 43, 48, 17
19: 22, 34
20: 17, 7, 9, 39
21: 30, 47, 10
22: 40, 5, 14, 5, 46
23: 49, 1, 33
24: 38, 11
25: 39, 12, 5, 8, 28
26: 32, 6, 37, 12, 28
27: 19, 20, 5, 27
28: 1, 2, 30, 31
29: 22, 45, 16, 4
30: 11, 7, 35
31: 47, 0, 11
32: 24, 9, 10
33: 13, 22, 1
34: 51, 30, 34, 44, 47
35: 51, 38, 38, 14
36: 12
37: 16, 40, 9, 45, 22
38: 15, 42, 43, 39, 39
39: 35, 37, 52, 25, 17
40: 12, 39
41: 36, 1, 28
42: 15
43: 33, 41
44: 37, 44, 44, 19
45: 12, 42, 6, 22
46: 33, 32
47: 43, 50, 40, 16, 34
48: 37, 49, 7, 5, 51
49: 16, 24
50: 37, 0, 41, 33
51: 49, 1, 35, 47
52: 20, 25, 3, 17, 44