# Number of Floors, Capacity
27, 8
# Floor Requests
0: 3, 2, 17, 25, 9, 15, 15, 5
1: 8, 16, 8, 25, 13, 26
2: 0, 14, 25, 16, 4, 2, 12
3: 12
4: 6, 2, 22, 12
5: 3, 2, 6, 23, 5, 3, 20, 9
6: 25, 0, 1, 10, 6, 14
7: 3
8: 0, 25, 9, 21
9: 3, 16, 4, 6, 8, 11, 24
10: 8, 1, 4, 20, 21, 21
11: 7, 14
12: 7, 2, 9, 22
13: 1, 5, 16, 20, 4, 25, 7, 8
14: 16, 9, 2, 25, 1, 26, 7
15: 18, 25, 3
16: 19, 8, 0
17: 24, 1, 10, 15, 2
18: 20, 9, 11, 14, 19, 20
19: 24, 21, 2, 7, 11, 24, 12
20: 22, 20, 17, 26, 16, 16
21: 1, 17, 14, 6, 12, 17
22: 3, 24, 20, 19, 20
23: 19
24: 17, 25, 5, 2, 0, 20, 18, 2
25: 3, 18, 25, 25, 1
26: 9, 25, 6, 15, 10, 24, 18