# Number of Floors, Capacity
27, 8
# Floor Requests
0: 12, 11, 12, 24
1: 10, 26, 6
2: 17
3: 11
4: 14, 4, 16, 22, 8, 11
5: 0, 12, 19, 13, 16
6: 16, 11, 9, 21, 14
7: 9, 0
8: 6, 19, 13, 24, 10, 22, 7, 19
9: 23, 1, 13, 17, 16, 14, 25
10: 20, 19, 4, 11, 19, 10
11: 26, 20, 21, 21, 1, 19
12: 2, 22, 18, 1, 5, 2
13: 14, 16, 25, 26
14: 14, 25, 10, 16, 5, 2, 6
15: 1, 2, 19, 0, 16
16: 8, 5, 25, 0, 24, 24, 9, 26
17: 16
18: 18, 26, 0, 9
19: 20, 17
20: 7, 10, 9, 14, 21, 24, 0, 12
21: 6
22: 24, 11
23: 20, 23, 0, 23, 20, 4
24: 25, 15, 22, 2, 12, 26, 13, 1
25: 23, 8
26: 13, 10, 8, 23