# Number of Floors, Capacity
24, 8
# Floor Requests
0: 22
1: 19, 17, 16, 21, 0
2: 19, 3, 16, 21, 19, 1
3: 22, 23, 18, 0, 22
4: 14, 23, 8, 18, 17, 3, 10, 0
5: 14, 10, 9, 12, 14
6: 5, 16, 13, 3
7: 8, 9, 17, 21
8: 13, 20, 21, 10
9: 2
10: 5, 20, 5
11: 5
12: 3, 7, 2, 20, 17
13: 2, 23
14: 5, 23, 2, 13
15: 17, 4, 11
16: 10, 8, 15, 13, 18, 17, 21, 21
17: 9, 6, 19, 19, 6
18: 21, 13, 12, 14, 15
19: 4, 5, 11, 11, 6, 16, 21, 1
20: 3, 3, 1, 17, 1, 17, 7
21: 16, 6, 2, 15, 7, 20, 23, 2
22: 1
23: 0, 2, 20, 6, 7, 9, 19