# Number of Floors, Capacity
98, 5
# Floor Requests
0: 91, 77
1: 76, 29, 45, 31, 84
2: 78
3: 65
4: 37, 32, 7, 12
5: 64
6: 43, 91
7: 12, 31, 46
8: 20, 43, 75, 47
9: 47, 42
10: 67, 82, 20, 39, 86
11: 93, 82, 47, 12
12: 21, 9, 56, 84
13: 60, 46
14: 5, 88, 71
15: 97, 31
16: 27, 31, 94, 22, 75
17: 78, 53, 84
18: 46, 97
19: 47, 74, 22, 87, 59
20: 29
21: 79, 39, 73, 33, 15
22: 55
23: 15
24: 25, 0, 4, 17
25: 23, 8
26: 58, 41, 21, 39
27: 27, 72, 6
28: 28, 31, 56, 66
29: 54, 24
30: 55, 76, 17, 24
31: 50, 76, 10
32: 1, 73
33: 8, 61, 7
34: 59, 27
35: 3, 44, 87
36: 54
37: 20, 53, 67, 61, 3
38: 22, 40, 54
39: 33, 9
40: 73, 42, 92, 95, 33
41: 89
42: 30, 48
43: 40, 9
44: 51, 8
45: 67, 9, 11, 62
46: 17, 10, 80, 11, 67
47: 19, 43, 57, 82, 34
48: 54, 36, 82
49: 20, 68
50: 80, 68, 15, 65
51: 83
52: 2, 90, 27, 41, 36
53: 54, 67, 69, 61
54: 33, 67, 24, 90
55: 15, 2, 12
56: 21, 20
57: 86, 48, 0
58: 65, 87
59: 44, 67, 56, 68
60: 56, 91, 3
61: 36, 47, 74, 76
62: 60
63: 92
64: 41, 46, 53, 33
65: 82, 61, 23
66: 1, 64, 25, 46, 8
67: 38, 14, 22, 67, 72
68: 97, 91
69: 68, 34, 32, 14, 23
70: 82, 77
71: 79, 56, 28, 85, 87
72: 14, 18, 56, 34, 57
73: 92, 67, 97
74: 37
75: 3, 41, 96, 47, 87
76: 60, 16
77: 26, 22, 42, 47
78: 28
79: 25, 53, 88
80: 86, 37, 10, 15, 62
81: 21, 4, 51, 54, 67
82: 70
83: 8, 96, 93, 72, 81
84: 61, 30
85: 53, 15, 87
86: 91, 89, 38, 79
87: 65, 11, 3
88: 46, 68, 12, 84, 25
89: 37, 27, 2, 59, 5
90: 62, 72, 96, 4
91: 26, 37, 45, 52
92: 32, 9, 11, 46
93: 97
94: 42, 25
95: 28, 92, 26, 49
96: 70
97: 25, 4, 41