# Number of Floors, Capacity
61, 5
# Floor Requests
0: 35, 42, 45, 15
1: 15, 23
2: 34, 55, 30
3: 21
4: 48, 46, 18, 22
5: 48
6: 9, 39
7: 31, 38, 58
8: 15, 58, 18, 58, 16
9: 50, 19
10: 9, 26, 27, 41, 6
11: 11, 23, 14, 33, 30
12: 14, 29, 19
13: 55, 56, 30
14: 7
15: 5
16: 33, 60, 1, 24
17: 10, 38, 21, 20
18: 25, 23, 0
19: 36, 11, 50, 22, 45
20: 23, 53, 20
21: 5, 28, 59, 30
22: 22, 35, 3
23: 50, 44
24: 35, 43, 3, 26, 20
25: 19, 20, 29
26: 51
27: 48
28: 14, 48
29: 53, 22, 34, 7
30: 52, 50, 14, 3, 3
31: 10, 11
32: 26, 27, 14, 41
33: 45, 60, 40, 47
34: 25, 44
35: 9, 49, 34, 13
36: 55, 39
37: 30, 39, 50, 55
38: 38, 43, 45, 28
39: 18, 7, 55
40: 49, 52, 35, 38, 51
41: 34, 5, 36, 25
42: 18
43: 28, 42
44: 27, 20, 31, 17, 43
45: 23, 30, 7, 23
46: 34
47: 10, 34, 51, 21, 55
48: 36, 28
49: 7, 48, 26
50: 41, 1, 49, 11, 43
51: 24
52: 23, 18, 49, 40, 57
53: 59, 10, 7
54: 41
55: 52, 10, 37
56: 46, 14, 55, 26, 38
57: 17
58: 18
59: 36
60: 34, 43, 21