# Number of Floors, Capacity
34, 5
# Floor Requests
0: 16, 1
1: 26, 6, 2
2: 19, 0, 17, 15
3: 25, 9, 16, 33, 18
4: 21, 9, 10
5: 32, 29, 10, 28, 17
6: 33, 12, 7, 21
7: 8, 0, 17, 10
8: 31, 4
9: 5
10: 22, 4, 13
11: 1
12: 33, 13, 24, 33
13: 24, 16, 27, 6
14: 17, 25
15: 28, 21, 10
16: 26
17: 29
18: 4, 24, 26, 13
19: 32, 1, 14, 10, 25
20: 10, 9, 21, 13
21: 30, 23, 23
22: 10, 23, 24
23: 7, 26
24: 6, 32, 15, 6
25: 27, 8, 10, 29
26: 32
27: 7, 5, 25
28: 15, 15, 21, 30
29: 11, 20, 27
30: 6, 3, 3
31: 25, 1, 14, 29
32: 8, 17, 4
33: 23, 24, 8, 16