# Number of Floors, Capacity
24, 8
# Floor Requests
0: 5, 15, 11, 19
1: 18, 9, 5, 21, 19, 7
2: 3
3: 21, 15, 12, 16, 15
4: 8, 19, 1, 16, 16
5: 10, 13, 21, 1, 2, 2, 16, 16
6: 19, 16, 12, 19, 21, 14, 1
7: 10, 23, 9
8: 4, 6, 5, 16, 19, 21
9: 23, 8, 6, 21, 9
10: 8, 23, 14, 5, 16
11: 14
12: 20, 12, 5
13: 17, 9, 4, 13, 5
14: 17, 16, 17, 7, 12, 6, 14, 22
15: 4, 21, 9
16: 13, 13, 21, 18, 12, 0, 17, 6
17: 21, 0, 6, 11, 22, 16, 11, 19
18: 12, 8, 9, 17, 2, 18
19: 6
20: 10
21: 6, 21, 5, 9, 20, 4, 20, 21
22: 6, 19, 18
23: 15, 20