# Number of Floors, Capacity
28, 8
# Floor Requests
0: 6, 7, 6, 2, 6, 4, 6
1: 19, 9, 4
2: 27, 7, 23, 1
3: 14, 23, 22, 2, 6, 16, 13
4: 21, 27, 24, 25
5: 19
6: 20, 2, 2, 11, 3, 9, 9
7: 13, 8
8: 13, 6
9: 17, 16, 8, 20, 10, 2, 16, 2
10: 26, 17, 24, 9, 19, 6
11: 10, 7, 1, 23
12: 3, 13, 14, 3, 8, 1, 15
13: 6, 18, 7
14: 16
15: 7, 12, 24, 27
16: 9
17: 14, 3, 20, 11, 19
18: 4, 23, 3, 14, 9, 23, 9, 11
19: 6, 10, 10, 9
20: 23, 16, 6, 15
21: 14, 14
22: 11, 14, 16, 26, 18, 12
23: 18, 12
24: 14, 26, 12, 21, 23, 19, 10, 11
25: 2, 1, 7, 11, 6, 26, 7
26: 6, 1, 1, 24, 6, 21
27: 3