# Number of Floors, Capacity
81, 5
# Floor Requests
0: 10
1: 66, 72
2: 37, 49, 53
3: 11, 6, 70
4: 35, 49
5: 64, 39, 71, 58
6: 77, 6, 57, 41
7: 64
8: 24
9: 23, 16
10: 0, 36, 58, 52, 61
11: 6, 14, 39
12: 49, 45, 25, 53, 31
13: 30, 25, 38, 25, 28
14: 65, 15
15: 75, 57, 71
16: 24, 50
17: 74, 11, 71
18: 10, 64, 33, 41
19: 52, 18
20: 46
21: 66, 59
22: 73, 54, 21, 73
23: 1
24: 65, 50
25: 39, 68, 47, 76, 9
26: 13, 18
27: 66, 72
28: 47, 25, 0, 34
29: 62, 67
30: 22, 18, 8, 77
31: 54, 55
32: 26, 31, 23, 10
33: 14, 20, 43
34: 69, 77, 59
35: 59, 39, 31, 57
36: 65, 14, 40, 31, 23
37: 42, 4, 52
38: 41, 80, 37
39: 70, 51, 78, 70, 40
40: 24, 61, 32, 6
41: 17, 13, 48, 68, 8
42: 49, 21, 18
43: 75
44: 2, 5, 69, 23, 22
45: 68, 53, 76
46: 59, 2
47: 19, 71, 65
48: 77
49: 7, 61, 54, 27, 9
50: 37, 33, 76, 57, 31
51: 31, 47
52: 50, 40, 58
53: 8
54: 69, 49, 32
55: 27, 44, 28
56: 18, 16, 46, 37
57: 35, 29, 55
58: 38
59: 61, 42, 51
60: 21
61: 39
62: 22
63: 5
64: 12, 47
65: 20
66: 34, 63, 45, 36, 16
67: 72, 53, 80
68: 44, 15, 3, 66
69: 14, 77, 9, 30
70: 40, 4, 9, 41, 69
71: 31, 79
72: 10
73: 76, 50, 14
74: 19, 51, 24, 33
75: 19
76: 51, 26, 41, 64, 15
77: 9
78: 61, 73, 0, 66
79: 2, 23, 38, 22, 37
80: 1, 34, 74, 2, 29