# Number of Floors, Capacity
21, 8
# Floor Requests
0: 11, 6, 8, 4
1: 6, 20, 16
2: 14, 0, 8, 20, 15
3: 6, 10, 12, 8, 17, 5, 3
4: 10, 1, 18, 19, 7, 2
5: 8, 5, 19, 20
6: 16, 4, 5, 11, 12, 17, 14
7: 9, 17, 1, 17, 16, 9, 12, 19
8: 8, 15, 0, 2, 11, 12
9: 14, 15
10: 11, 16, 19, 18, 3
11: 19, 18, 2, 14, 20, 15, 18, 14
12: 9, 2, 1, 0, 2, 8, 14, 8
13: 5, 4, 19, 18, 20, 0, 3
14: 4, 18, 17, 14, 13, 12, 20
15: 9
16: 15, 9, 17, 20, 0, 2, 5, 8
17: 7, 2, 9, 10, 16, 5, 2, 3
18: 9
19: 18, 2, 8, 12, 14
20: 7, 1, 15, 5, 10, 15