# Number of Floors, Capacity
30, 8
# Floor Requests
0: 24
1: 11, 12, 0, 22, 15
2: 12, 19, 27
3: 0, 9, 26, 9, 17, 13, 7, 21
4: 25, 20, 24, 21, 15, 24, 7
5: 24, 12, 27, 6, 28, 2
6: 1, 10, 17, 22, 7, 12, 17
7: 11, 10, 5, 28, 3, 2, 8, 24
8: 24, 14, 20, 25, 20, 17, 8
9: 25, 12, 8
10: 21, 15
11: 23
12: 15, 15, 12, 10, 19, 3
13: 3, 25, 28
14: 27, 14, 11, 26, 29
15: 18
16: 24, 14, 19
17: 23
18: 8, 18, 17, 3, 19, 28, 23, 16
19: 24
20: 16, 15, 27, 26, 20, 18, 28, 25
21: 2
22: 12, 11, 21, 0, 7, 1
23: 13, 29
24: 0, 15, 7, 21, 3, 10, 0
25: 28, 14, 18, 11, 11, 8, 23, 2
26: 24, 20, 3, 0
27: 10, 14, 25, 14, 9
28: 27, 15
29: 16, 7, 13, 19