# Number of Floors, Capacity
90, 5
# Floor Requests
0: 60, 81, 47
1: 3, 23
2: 34, 88, 1
3: 4, 38
4: 20, 30, 88
5: 69, 54, 85, 15
6: 75
7: 36
8: 75, 32, 33, 3
9: 37, 41, 45, 74
10: 22
11: 84, 52
12: 57, 60
13: 22, 45
14: 22, 21, 39, 65, 86
15: 71, 88, 42, 64
16: 63, 73, 42
17: 80
18: 3, 73, 17, 18
19: 6, 46, 54, 83, 18
20: 77, 77, 5
21: 65
22: 27, 23
23: 74
24: 83, 52, 62, 19
25: 55, 80, 14, 81
26: 65, 46
27: 32, 56, 3, 26
28: 57, 58, 48
29: 81
30: 8, 72, 48, 40, 83
31: 42
32: 80, 66, 10, 39, 51
33: 74, 14
34: 37, 18, 77
35: 63, 50
36: 67
37: 63
38: 82
39: 47, 60, 5
40: 10, 86, 19, 38
41: 41, 12, 61, 25
42: 86
43: 68, 78, 11
44: 40
45: 15, 27, 67, 20, 41
46: 71, 67, 16, 45, 53
47: 56, 60, 18
48: 28, 71
49: 75, 6, 26, 33, 1
50: 42, 29, 32
51: 1, 54, 33
52: 62
53: 85, 81, 22, 87, 15
54: 82
55: 66, 43, 82
56: 59, 64, 71, 44, 89
57: 41, 82, 20
58: 45, 26, 24, 9
59: 47, 70
60: 15, 63, 4, 40
61: 50, 35, 46, 27, 29
62: 86, 79, 35
63: 8, 46
64: 55, 28, 30
65: 3, 59, 82, 12, 61
66: 13
67: 84, 48, 8
68: 78
69: 86, 21, 59
70: 55, 30
71: 46, 71, 15
72: 22, 71, 39, 86, 0
73: 87, 66
74: 44, 40, 63, 80, 7
75: 17, 62, 5, 48
76: 49, 3, 10, 67
77: 74, 27
78: 69, 46, 39, 54
79: 56, 84, 75, 70
80: 27, 78
81: 50, 1, 9
82: 53, 61
83: 78, 20, 77, 75
84: 27, 66, 32, 33, 85
85: 68
86: 9, 86, 51
87: 44, 1, 51, 81, 29
88: 31, 22
89: 82, 56