# Number of Floors, Capacity
57, 5
# Floor Requests
0: 27, 38
1: 56, 8, 36
2: 43, 53, 40
3: 32, 41, 23, 10, 50
4: 5
5: 42, 19
6: 45, 4, 1, 30, 6
7: 21, 23, 46, 17, 23
8: 1, 50, 10
9: 5, 42
10: 43
11: 10, 54, 55, 11
12: 48
13: 43, 0, 41
14: 29, 27, 8, 48
15: 45
16: 40, 41, 2, 12, 53
17: 2, 27, 53, 54, 34
18: 28, 12, 44, 43
19: 3, 26, 11
20: 18, 14
21: 23, 23, 14
22: 48, 35, 26, 52, 29
23: 9, 34, 17, 51
24: 2
25: 49
26: 12, 37, 8, 25
27: 25
28: 24, 9
29: 24, 48
30: 48, 47, 56, 9, 23
31: 20
32: 7, 3, 8, 41
33: 34
34: 19, 51, 43, 28, 29
35: 0, 5, 42, 41, 15
36: 31, 20, 47
37: 26, 51, 25, 32, 44
38: 45, 31, 0, 55, 43
39: 35, 33, 18, 55, 46
40: 50
41: 13
42: 40, 53, 11, 54, 52
43: 15, 54
44: 39, 41, 9
45: 0, 22, 3, 15
46: 17, 36, 49, 39
47: 19, 28
48: 55
49: 48
50: 41, 27
51: 52, 44, 33, 30
52: 30, 0, 56
53: 32, 30, 46, 6
54: 27
55: 48, 19
56: 16