# Number of Floors, Capacity
28, 8
# Floor Requests
0: 5, 3, 23, 20, 2, 24, 27
1: 1, 11, 17, 15
2: 11, 26, 18, 16, 21, 13, 13, 26
3: 12, 15, 25, 3, 1
4: 16, 12, 8, 27, 18, 23, 16, 13
5: 14, 5, 19, 0, 6, 20, 9
6: 1, 13, 27, 20, 26, 21, 7, 8
7: 26, 4
8: 13, 2, 5, 11, 5, 2, 14, 0
9: 22, 25, 20, 11, 12, 2, 23, 23
10: 4, 16, 20, 21, 7
11: 0, 5, 19, 14, 6
12: 14, 0, 14, 4, 10, 23
13: 27, 8, 16, 13, 1, 24, 15
14: 5, 14, 14, 8, 7, 10
15: 5, 21, 17
16: 26, 8, 12, 27, 9
17: 2, 1, 17, 13, 17, 12
18: 5
19: 19, 10
20: 26, 6, 13, 19
21: 13
22: 19, 13, 12, 11, 20, 26
23: 12, 25, 16, 2, 14, 26, 3
24: 26, 5
25: 17, 13, 19, 0, 20, 16
26: 19, 23, 24, 27, 17, 17, 3, 9
27: 27, 16, 27, 16, 11