# Number of Floors, Capacity
30, 8
# Floor Requests
0: 25, 4, 6, 4, 27, 25, 15, 6
1: 19
2: 1, 15, 4
3: 9, 22
4: 10, 9, 13, 5, 20
5: 19, 20, 11, 19
6: 21, 3, 2, 4, 25, 18, 10
7: 8, 1, 4
8: 7, 11, 28, 27, 4
9: 7, 26, 22, 14
10: 5, 13, 13, 25, 18
11: 24, 20, 27, 16
12: 3, 11, 9
13: 2
14: 3, 20, 2, 1
15: 4, 21, 6
16: 5
17: 28, 1, 24, 27, 10, 12, 12
18: 15, 8, 21, 17, 21, 16
19: 29
20: 15, 10, 8, 14, 17, 25, 7
21: 4, 4, 21, 11, 14, 16, 12, 22
22: 9, 1
23: 5, 22, 17, 15, 15, 23, 3
24: 1, 16, 24, 14
25: 6, 4
26: 2
27: 29, 1, 17
28: 12, 11, 18, 5
29: 19, 8, 9, 8, 16