# Number of Floors, Capacity
82, 5
# Floor Requests
0: 48, 59
1: 48, 31, 34, 11
2: 23, 24
3: 0, 43, 9
4: 56
5: 36, 14
6: 66, 56
7: 16, 28, 48
8: 36, 12, 28, 79
9: 53, 23, 8, 75, 52
10: 64, 35, 63, 30
11: 68, 81, 63, 53
12: 42, 36, 69, 4
13: 67, 77
14: 24, 29
15: 56
16: 80, 71, 5
17: 63, 57, 54
18: 48, 59, 76, 5
19: 31, 57
20: 68, 70, 72, 75
21: 56, 22, 40, 28
22: 81, 69, 54
23: 30, 53, 69, 12, 16
24: 75, 4
25: 75, 77, 59, 39
26: 76, 20, 37
27: 25
28: 59, 6, 9
29: 30, 53, 28
30: 55, 30, 70, 16, 5
31: 69, 26, 80, 52, 59
32: 69, 47
33: 55
34: 2, 2, 49, 65
35: 59
36: 38, 50, 34
37: 76, 47
38: 30, 55, 7, 27
39: 18
40: 68, 47, 36
41: 34, 69, 41
42: 41, 38, 59, 53
43: 72, 75, 36, 69
44: 37, 2
45: 15, 61
46: 7
47: 57, 19, 32
48: 0, 23, 22, 23, 15
49: 34, 10
50: 14, 19, 65, 2
51: 30, 32, 52
52: 1
53: 36, 23, 61
54: 40, 9
55: 15, 54, 15, 79, 65
56: 63
57: 44
58: 72
59: 18, 37
60: 0
61: 16
62: 73
63: 46, 80, 33, 42, 57
64: 52, 5, 61, 3
65: 41, 57, 22
66: 30, 34, 29
67: 72, 8, 27, 35, 1
68: 69, 69, 29
69: 71, 71, 43, 17, 62
70: 44, 66
71: 19, 43, 73, 69, 56
72: 19, 17, 29, 11, 22
73: 42
74: 11
75: 31, 52, 19, 60, 26
76: 14, 65, 33, 67, 55
77: 46, 55, 56
78: 8, 60
79: 59, 67
80: 1, 5
81: 73, 34, 15, 41