# Number of Floors, Capacity
56, 5
# Floor Requests
0: 53, 49, 3
1: 27, 49
2: 5, 9, 0, 39, 29
3: 53, 17, 46, 29, 34
4: 32
5: 48, 12, 39, 10
6: 49
7: 5, 25, 39
8: 16, 0, 15, 23
9: 51
10: 20, 18, 14, 5
11: 39, 31, 10, 24
12: 53
13: 3, 16, 20, 34, 35
14: 25, 17, 50, 12
15: 45, 17, 11, 28, 15
16: 24
17: 26, 23, 26
18: 0
19: 53, 49
20: 17, 16
21: 46
22: 44, 16, 39
23: 22, 6, 15, 40
24: 20
25: 17
26: 47
27: 42, 29, 39, 6, 4
28: 30, 37, 46
29: 24, 15, 1
30: 17
31: 42, 12, 24
32: 1, 3, 37
33: 9, 2, 34, 50, 4
34: 27, 28, 46, 21
35: 10, 12, 37, 42, 9
36: 1, 0, 29, 5, 55
37: 22, 21, 26, 18
38: 32
39: 23, 43, 18
40: 22, 21
41: 1, 26, 19, 7, 54
42: 51
43: 24, 23, 36, 22, 6
44: 44, 43, 21, 34, 25
45: 21, 49, 8, 38
46: 43, 40, 13, 27
47: 48
48: 32, 21, 13, 26
49: 41, 18
50: 19, 24, 40
51: 24, 42, 50, 24
52: 4, 51, 23
53: 7, 8, 1, 7, 22
54: 27, 37, 43, 45
55: 0, 43, 30