# Number of Floors, Capacity
29, 8
# Floor Requests
0: 11, 3
1: 0, 3, 6, 23, 19, 12, 9, 14
2: 15, 25, 12
3: 7, 20, 6
4: 18
5: 25, 6, 12, 2
6: 3, 1, 7, 9, 18, 12
7: 1, 10, 19, 19, 24, 9, 20
8: 23
9: 3, 25, 0, 26, 7, 16, 4, 27
10: 15
11: 7
12: 10, 13, 2, 0, 13, 9
13: 23, 13, 6
14: 12, 12, 16, 17, 24, 17
15: 26, 22, 18, 19
16: 13, 17, 27, 10, 16, 8, 26
17: 23, 2, 14, 14, 10
18: 9, 7, 4
19: 17, 25, 8, 12, 7, 18, 6, 27
20: 23, 16, 10, 19, 11, 27
21: 14, 18, 8, 19, 28
22: 4, 2, 2, 18, 10, 19
23: 8, 16, 9, 13, 16, 8, 21, 13
24: 16, 20, 26
25: 26, 6, 4, 21
26: 13, 4, 8
27: 2, 1
28: 1, 13, 16, 17, 16, 15