# Number of Floors, Capacity
87, 5
# Floor Requests
0: 83, 21, 47, 54
1: 33, 13, 50
2: 70, 38, 29
3: 71, 35, 59, 47
4: 36, 30, 13
5: 73, 18, 43, 48
6: 52, 52, 10, 52
7: 52, 51, 22
8: 59, 62, 50, 43
9: 23, 42
10: 7, 2
11: 69, 14, 73, 53, 13
12: 29, 15
13: 16, 27, 46, 65
14: 63, 17, 19, 20, 22
15: 77
16: 35, 50, 3
17: 45, 43, 39, 22, 33
18: 50, 63, 39, 86
19: 6, 47, 57, 9, 29
20: 33, 22, 21, 40, 18
21: 77
22: 20, 6, 37
23: 71, 48, 28
24: 24
25: 44, 26
26: 12, 85, 7, 22
27: 69, 43, 14, 78, 84
28: 25, 22
29: 35, 31
30: 77, 15
31: 20, 83, 10, 74
32: 47, 40, 54, 71
33: 27
34: 9
35: 63, 1, 36, 84
36: 60
37: 3
38: 3, 39
39: 44, 82, 65, 57
40: 43, 33, 48
41: 85
42: 65, 37, 81, 7
43: 82, 80, 85
44: 73
45: 13, 37
46: 41
47: 31, 47, 1, 85, 52
48: 4
49: 73, 33, 69
50: 71, 24, 32, 78, 43
51: 58, 12, 74, 21
52: 21, 28, 16, 20, 0
53: 29, 22, 26
54: 67, 18, 82, 23, 64
55: 36, 3, 25, 31, 57
56: 20
57: 19, 53, 13, 81, 51
58: 49, 32, 22
59: 46, 49, 86
60: 14, 76, 37, 23, 69
61: 5, 6, 29
62: 69
63: 23, 80, 68, 39, 67
64: 31, 84
65: 37
66: 51, 18, 32
67: 67, 26
68: 23, 29
69: 12, 59, 84, 18
70: 84, 79
71: 74, 5, 82, 59, 4
72: 42
73: 74
74: 84, 33, 43, 22
75: 11
76: 26
77: 25, 70
78: 42, 54
79: 33, 62
80: 2, 29, 31, 68
81: 53
82: 50
83: 47, 11, 85, 6
84: 48
85: 74, 59, 45
86: 70