# Number of Floors, Capacity
81, 5
# Floor Requests
0: 52, 7, 38, 70
1: 19, 74, 69, 63
2: 77
3: 52, 45, 79
4: 27, 74, 27, 19
5: 5, 30, 9, 17, 37
6: 70
7: 75, 67, 30, 9, 39
8: 48, 38
9: 65, 68, 44, 26, 55
10: 37, 54, 53, 44, 38
11: 63
12: 16, 52, 13
13: 67
14: 76, 5, 72, 73, 2
15: 37
16: 18, 62
17: 34, 54, 9, 75, 80
18: 35, 43
19: 74, 69, 77, 79
20: 28, 49, 51, 65, 68
21: 56, 19, 0, 78, 33
22: 77, 5
23: 12, 30
24: 49, 75, 63, 57, 76
25: 18
26: 5, 38
27: 18, 34, 18, 52
28: 74, 61, 80
29: 66, 8
30: 48, 78, 56
31: 6, 2, 6
32: 55, 8
33: 13, 74, 5, 36
34: 63
35: 67, 30
36: 72, 64, 59
37: 37, 10
38: 47, 5, 17
39: 51, 56, 51, 42
40: 12, 47
41: 45, 54, 71
42: 24, 61
43: 61, 50
44: 9, 37, 43, 32, 62
45: 33, 3, 59, 23, 30
46: 37, 61, 36, 16
47: 61, 18, 33, 67, 74
48: 43, 58, 69, 9, 35
49: 76, 49, 8, 58, 24
50: 15
51: 35, 77
52: 65, 49
53: 52, 14
54: 1
55: 45, 41, 30
56: 4, 18, 67, 69, 51
57: 55, 59, 43
58: 21, 21, 20
59: 44, 13
60: 9, 47, 76, 71
61: 59, 31, 44
62: 33
63: 27
64: 44, 16, 22, 58, 68
65: 69, 61
66: 52
67: 29, 34, 27
68: 63, 33, 70, 59
69: 27, 37, 63, 59, 66
70: 57, 79, 22, 28
71: 55, 8
72: 58, 2, 27, 38
73: 46
74: 16, 55, 31, 58, 37
75: 47, 2, 3, 5
76: 11, 45
77: 71, 33
78: 51, 52, 22, 63, 20
79: 21, 52, 65, 1
80: 47, 54, 47, 80