# Number of Floors, Capacity
25, 8
# Floor Requests
0: 16, 14, 7
1: 2, 7, 23, 16, 2, 22
2: 20
3: 5, 12
4: 20, 8, 12, 3
5: 11, 18, 9, 11, 7
6: 17, 18, 10, 4, 20, 3, 0, 8
7: 6, 15, 4, 8, 14, 20
8: 10, 24, 14, 10, 21, 13
9: 20, 16, 16, 7, 10, 22
10: 22, 13, 14, 23
11: 4, 3, 14, 2, 2, 7
12: 2
13: 0, 8, 8, 10
14: 18, 6, 23, 7, 22, 21, 0
15: 14, 14, 20, 0, 23, 6, 10
16: 5, 12, 14, 8, 7, 10
17: 12, 19, 14, 4, 0, 15, 7
18: 11, 4, 22, 6, 13, 20, 22
19: 15, 5, 10, 7, 14, 16, 23, 18
20: 0
21: 16, 0, 16, 24, 14
22: 1, 18, 4, 1, 21, 19
23: 2, 11, 11
24: 19, 10, 20, 20