# Number of Floors, Capacity
30, 8
# Floor Requests
0: 0, 29, 1, 11, 7
1: 5, 14, 11, 13, 12, 9
2: 21, 16, 5, 21, 3, 28, 27
3: 9, 4, 18
4: 11, 21, 29, 7, 17, 26
5: 13, 10, 0, 23, 2, 9, 18, 2
6: 21, 28, 18, 13, 24, 10
7: 24, 28, 2, 17
8: 7, 7, 9, 0, 11, 21, 15
9: 5, 3, 4
10: 7, 10, 16, 24, 10, 16
11: 26, 17, 25, 28, 14
12: 25, 9, 10, 29, 20, 13, 18, 26
13: 25, 13, 1, 15, 28, 18
14: 29, 7, 9, 10, 25, 28, 26, 18
15: 1, 5, 20, 28, 13, 25
16: 9, 8, 22
17: 15
18: 7, 5, 27, 1
19: 24, 28, 12, 16, 14
20: 17, 6, 2, 7, 7, 22, 27
21: 8, 8
22: 0, 18, 17, 22, 15, 21
23: 10, 18, 20
24: 22, 14, 24, 23, 5, 27, 18, 10
25: 27, 9, 3, 18, 10, 2, 1
26: 15
27: 9, 13
28: 11, 9
29: 5, 9, 20, 17, 25