# Number of Floors, Capacity
50, 5
# Floor Requests
0: 12, 48, 16
1: 19, 24, 24, 2, 2
2: 29
3: 12
4: 34, 4, 44
5: 44, 5, 4, 38
6: 18, 46, 34, 43
7: 43, 6
8: 12, 48, 17, 39, 34
9: 38, 2, 23, 6, 8
10: 39, 11, 37
11: 27
12: 37
13: 9, 19
14: 29, 4, 31, 35
15: 7, 44
16: 27, 10
17: 14
18: 5
19: 13
20: 9, 49, 48, 1
21: 40
22: 34, 27, 30, 0, 40
23: 46
24: 11, 21, 22
25: 13, 14, 27
26: 17, 20
27: 47, 42
28: 17, 27
29: 26, 29, 31
30: 15, 49, 1
31: 20
32: 9, 17, 0
33: 6, 33, 2, 26
34: 9
35: 25, 0, 21, 4, 47
36: 7, 29, 9
37: 9, 37
38: 14
39: 1, 26, 43
40: 32, 8, 42, 10
41: 13, 40, 18, 39, 22
42: 4, 37, 8, 22
43: 22, 25
44: 1, 4, 37, 3
45: 40, 18, 1, 34, 28
46: 1, 10, 27
47: 25, 16, 29, 28, 8
48: 11, 44, 12, 43, 44
49: 13, 4, 33