# Number of Floors, Capacity
77, 5
# Floor Requests
0: 17
1: 29
2: 34, 35
3: 60, 20
4: 1, 65, 48, 37
5: 43, 41, 73
6: 6, 53, 55
7: 54, 28, 49, 18
8: 56, 5, 59, 51
9: 52, 6
10: 13
11: 55, 43, 63, 45
12: 59, 27, 35
13: 71, 50, 20, 51, 61
14: 32, 21, 16, 40
15: 22
16: 47
17: 10, 60, 3
18: 23, 22, 24, 16, 27
19: 32, 5, 33, 43, 12
20: 55, 4
21: 64
22: 54, 36
23: 31, 20, 29, 51, 37
24: 63, 62, 37, 60
25: 7, 4, 52, 35
26: 53, 28, 23, 16
27: 4, 13, 60, 24
28: 60, 6, 42, 9, 68
29: 29
30: 53, 63, 72
31: 24
32: 8, 26, 65, 54, 56
33: 27
34: 32
35: 62
36: 26, 45, 6, 44, 30
37: 69
38: 8, 23, 24
39: 44
40: 51, 58, 54
41: 30, 12, 35, 75
42: 1, 62, 74
43: 0, 57, 69, 66
44: 7, 21, 76, 65, 50
45: 59, 8, 43, 0
46: 54, 49, 53, 50, 1
47: 68, 4, 9, 43, 25
48: 54, 20, 73, 63
49: 57
50: 31
51: 2
52: 66, 62, 22, 8
53: 2, 8, 1
54: 76, 61, 73, 19, 67
55: 68, 12, 14, 67, 7
56: 62, 30, 67, 62, 12
57: 23, 24, 27, 6, 61
58: 0, 42, 69, 53
59: 69, 26
60: 63, 30, 40, 49, 43
61: 58
62: 37
63: 48
64: 15, 46, 42, 69
65: 50, 44, 10
66: 67
67: 40, 71, 71, 69, 18
68: 47, 22, 31, 33, 26
69: 52, 52
70: 4
71: 4, 53
72: 51, 29, 41, 46, 38
73: 65, 74, 17
74: 8, 27, 61, 1, 64
75: 25, 35, 48, 42, 58
76: 42, 3, 74, 71, 57