# Number of Floors, Capacity
75, 5
# Floor Requests
0: 58, 8
1: 16, 6, 33, 34
2: 29, 11, 40, 6
3: 58, 28, 46
4: 13
5: 29, 64, 30, 62, 40
6: 33, 30
7: 44
8: 36, 58, 20, 69
9: 40, 65, 57
10: 48, 22, 69, 2, 8
11: 30
12: 62, 3, 7, 63
13: 43, 37, 32
14: 29, 15
15: 73, 63, 10, 64, 49
16: 67
17: 26
18: 23, 37, 47, 49, 44
19: 68, 46, 52
20: 25, 12, 14, 49
21: 49, 56
22: 0, 60, 27
23: 25, 13, 6, 47
24: 30
25: 12, 52, 50
26: 65, 57, 72, 23
27: 61
28: 29, 39, 64
29: 67
30: 40, 19, 23, 7
31: 71
32: 43, 3, 24, 32
33: 39, 25, 57, 26, 34
34: 19, 2, 25, 52
35: 73, 47
36: 20, 26, 52, 61
37: 20, 7, 49
38: 74, 24, 42
39: 44, 31, 35, 27
40: 36, 60, 63
41: 8
42: 37, 47, 51, 71
43: 25, 50, 64, 67, 39
44: 29, 27, 26, 27, 27
45: 38, 51, 17, 46
46: 56, 3, 72
47: 28, 50, 12, 23, 24
48: 74, 43, 28
49: 70, 40, 51, 26, 52
50: 21, 11, 72, 14
51: 10, 31, 66
52: 14
53: 62, 67, 8
54: 2, 23, 15, 62
55: 41, 8, 10
56: 17
57: 64, 12
58: 20
59: 66, 64, 26
60: 70, 25, 29, 25, 31
61: 14, 13, 39
62: 62, 32, 47, 29
63: 12, 30, 46, 53
64: 11
65: 14
66: 59
67: 34, 62
68: 64
69: 34, 64, 30
70: 10, 4, 54
71: 54, 20, 53, 72, 69
72: 51, 6, 43, 54, 39
73: 15, 72, 48, 28
74: 21, 6, 45, 4, 56