# Number of Floors, Capacity
66, 5
# Floor Requests
0: 34, 11
1: 6
2: 60, 48, 38, 47, 52
3: 57, 31
4: 22, 15
5: 43
6: 25, 35, 33, 25
7: 13, 25, 16, 19
8: 21, 61, 11, 11
9: 36, 6, 37
10: 44, 30, 61, 48, 32
11: 25, 53
12: 37
13: 61, 55
14: 57
15: 42, 52, 6, 30, 54
16: 11, 23, 58, 36
17: 23, 23, 13
18: 40, 7, 6
19: 16
20: 1, 21, 62, 13, 20
21: 18, 4, 9
22: 54, 61, 43, 2
23: 28, 52
24: 27, 33
25: 7, 53, 7, 52
26: 29, 31
27: 43, 17
28: 47, 50, 30, 31, 3
29: 58, 54, 4, 22, 52
30: 56
31: 39, 10, 14
32: 36, 19, 15, 33
33: 27, 22, 52, 18
34: 1, 62, 33, 62, 2
35: 39, 36, 16, 40, 24
36: 6, 31, 57
37: 0
38: 53, 30, 18
39: 11, 58, 54, 60
40: 4
41: 9, 14, 54, 55, 4
42: 5, 23, 53
43: 16, 2, 47, 58
44: 14, 41, 29, 34, 23
45: 32, 20, 49, 29, 31
46: 44, 47, 42
47: 56, 22, 42, 14, 28
48: 52, 61, 3
49: 28, 34
50: 56
51: 36, 4
52: 0, 40, 45, 16, 31
53: 65
54: 22, 55, 52, 3
55: 48, 55
56: 42, 58
57: 52
58: 1, 65
59: 6, 7
60: 30, 43, 11, 40
61: 13, 18
62: 24
63: 35, 28, 15
64: 33, 62, 63, 36, 39
65: 62, 34, 43