# Number of Floors, Capacity
63, 5
# Floor Requests
0: 23, 21
1: 51, 0, 3
2: 13, 59, 55, 48
3: 53, 19
4: 48, 56, 53
5: 44, 17, 9, 58, 13
6: 61, 2, 40, 58, 19
7: 36
8: 7, 45, 51, 19, 11
9: 27
10: 0, 24
11: 8, 13, 1
12: 22, 18
13: 52, 25
14: 40
15: 35, 44
16: 39, 39, 21, 9
17: 11
18: 14, 42, 52, 1, 15
19: 24, 62
20: 62
21: 45, 25, 62, 17
22: 17, 31, 22, 44, 2
23: 8, 34, 14
24: 51
25: 47
26: 26, 5, 55, 15, 9
27: 21
28: 20, 57, 36, 47
29: 42, 25
30: 51, 28
31: 24
32: 55, 26, 17, 23
33: 25
34: 58
35: 54, 61
36: 32, 27, 13, 56, 9
37: 39, 60, 8, 29
38: 33
39: 49, 0, 6, 47
40: 21, 33
41: 30, 11, 33, 47, 55
42: 28, 56, 53, 8
43: 19
44: 60, 33, 0, 7, 39
45: 35, 31
46: 32
47: 13, 20, 14, 59, 10
48: 20, 28
49: 26, 28, 9
50: 38, 60, 43
51: 48, 62, 52, 28
52: 9, 12, 30, 62, 38
53: 51, 45, 31, 46, 58
54: 20, 12, 56
55: 29, 55
56: 48, 20, 55, 52
57: 23, 8
58: 61, 22, 9, 57, 48
59: 3, 32, 33
60: 48
61: 0, 36, 19, 28, 59
62: 8, 29, 37