# Number of Floors, Capacity
84, 5
# Floor Requests
0: 82, 83
1: 23, 30, 77
2: 5
3: 26, 24
4: 64, 65, 41
5: 75, 67, 25
6: 51, 10, 26, 10, 37
7: 66, 49
8: 45, 77, 43, 37
9: 78, 30, 73
10: 22
11: 51, 55
12: 43, 72, 9, 17
13: 24, 66
14: 53, 55, 28
15: 56, 60, 15, 54, 15
16: 1, 19, 30, 32
17: 74, 47
18: 20
19: 73
20: 36, 59
21: 71, 60, 7
22: 56, 41, 70, 2, 48
23: 62, 50, 14, 38, 19
24: 58, 79, 9
25: 56
26: 0
27: 79
28: 67, 44, 61, 56
29: 49, 26, 55
30: 31, 6, 8, 35
31: 50, 78, 41
32: 4, 0
33: 38
34: 51
35: 31
36: 52, 10, 29, 26
37: 55
38: 72, 11, 55, 30, 58
39: 51, 60
40: 80, 11, 32, 64, 73
41: 7, 3
42: 2, 81
43: 53, 56, 79, 75
44: 19
45: 82, 78, 17, 35
46: 38, 63, 14, 26
47: 49, 31, 30, 4, 76
48: 10, 79, 67, 73
49: 49
50: 79, 31, 37, 44, 31
51: 66, 23, 15
52: 36
53: 78, 17
54: 82, 23, 3, 75
55: 50, 4, 12
56: 73, 42, 75, 44, 39
57: 6, 82, 30
58: 16, 28, 13
59: 43, 83, 25
60: 67, 8, 14, 63
61: 38, 14
62: 52, 78
63: 63, 72, 22
64: 66, 33, 79, 66, 70
65: 10, 45, 54
66: 74
67: 42
68: 14, 79, 36
69: 59, 48, 58, 46, 42
70: 18, 49, 61, 18
71: 72, 83, 61, 22, 53
72: 25, 4, 12
73: 71, 50, 71, 11
74: 38, 11, 55, 40
75: 55, 17
76: 40, 57, 21, 62, 18
77: 37, 26, 56
78: 50, 10, 37, 70
79: 55, 52, 51
80: 83, 63, 52, 69
81: 35, 33, 0, 17, 79
82: 9, 80
83: 72, 76, 76, 68