# Number of Floors, Capacity
26, 8
# Floor Requests
0: 13, 20
1: 1
2: 19, 24, 0, 8, 10, 4, 23
3: 15, 2
4: 8, 8, 5, 15, 7, 4, 6, 4
5: 2, 14
6: 0, 18, 11, 16, 13, 24
7: 25, 3, 25, 25, 11, 20, 5
8: 10, 21, 1, 20
9: 6, 17, 23, 25
10: 2, 25, 11, 23, 24, 25, 8
11: 1, 18, 21, 20, 4
12: 5, 2, 21, 14, 21, 1
13: 4, 15, 25, 2, 21, 13, 25
14: 7, 13, 12, 4, 20, 15
15: 25
16: 24, 17, 3, 13, 6, 12, 25
17: 21, 20, 7
18: 20, 22
19: 23, 11, 12, 7, 12, 16, 18
20: 8, 21, 14
21: 12, 1, 22, 2, 0
22: 7, 16
23: 5, 1, 6, 18, 22, 6
24: 5, 12
25: 11