# Number of Floors, Capacity
27, 8
# Floor Requests
0: 14, 8, 10, 17, 20
1: 2, 24
2: 22, 15, 9, 1
3: 13, 8, 7, 0, 18, 6, 1
4: 19, 5, 16, 18, 9, 26, 8, 8
5: 10, 13, 21, 3, 22
6: 4, 14, 24
7: 23, 24, 4
8: 15, 2, 11
9: 25, 3, 14, 19
10: 2, 15
11: 4, 16, 1, 8, 6, 10
12: 6
13: 3, 2, 15, 18
14: 25, 19, 13, 18, 1, 24, 8, 21
15: 24, 11, 0, 24, 11, 4, 5
16: 12, 8, 21, 2, 6, 17, 26, 1
17: 22, 9
18: 3, 12, 1, 9
19: 17, 25, 0
20: 8, 13, 16, 18, 21, 26
21: 9, 19, 7, 19
22: 15, 3, 0, 26, 2, 3, 9, 14
23: 22, 21, 0, 24, 15, 10
24: 15, 3, 26, 22, 7, 6, 18, 3
25: 2, 5, 9, 3
26: 0, 7, 24, 16, 13, 16, 12, 3