# Number of Floors, Capacity
30, 8
# Floor Requests
0: 14, 8, 13, 20
1: 18, 0, 13
2: 2, 0, 2, 5, 2, 16, 13
3: 10, 7, 16, 21, 16, 27
4: 24, 14, 23, 10
5: 17, 11, 14, 8, 2, 0
6: 6, 3, 22
7: 10, 8
8: 28, 26, 17, 0, 9, 13, 4, 4
9: 23, 27, 24
10: 2, 29, 28, 28, 8, 13
11: 23, 13, 22, 8
12: 26
13: 13, 3, 29
14: 26, 13, 18, 17, 19, 29, 5, 0
15: 20, 10, 13, 26, 0, 1
16: 25, 22, 22, 23, 14, 18, 24, 4
17: 21, 23
18: 12, 26, 22, 22, 1, 12, 16
19: 15, 24, 18, 28
20: 20, 5, 0
21: 27, 3, 18, 25, 8, 16, 7
22: 1, 20, 14
23: 21
24: 13, 22, 10, 12, 13, 19
25: 25
26: 11
27: 28, 27, 26, 29
28: 27, 29, 3, 5, 27, 22, 11
29: 25, 13, 15, 29, 25