# Number of Floors, Capacity
28, 8
# Floor Requests
0: 7, 17, 27, 0
1: 13, 19, 16
2: 14, 20
3: 4, 4, 27
4: 7
5: 3, 19, 15
6: 7, 25, 19, 6, 26, 22
7: 18, 24, 7
8: 21, 20, 26, 1, 11, 5
9: 4, 7, 17, 4, 22, 21, 26, 8
10: 21, 20, 24, 11, 16, 24
11: 24, 24, 11, 10, 18
12: 8, 23, 14, 10, 8, 6
13: 5, 1, 8
14: 24, 4, 10, 18
15: 23, 18, 27, 27, 22, 9, 18, 4
16: 13, 23, 23
17: 13, 11
18: 5, 18
19: 19, 7
20: 0, 9
21: 23, 23, 27, 7
22: 20, 26
23: 13, 8
24: 17, 4, 20, 27, 23, 6
25: 16, 1, 19, 14, 27
26: 4
27: 14