# Number of Floors, Capacity
70, 5
# Floor Requests
0: 59
1: 2, 68
2: 46, 15, 25, 2
3: 9, 40, 9
4: 41, 29, 45
5: 5, 4, 61, 56
6: 4, 32
7: 49, 23, 50, 53, 3
8: 7, 35, 34
9: 23
10: 34, 15, 4
11: 37
12: 42, 4, 11, 20
13: 24, 24, 49, 33
14: 38, 21, 55, 54, 52
15: 40, 48
16: 52, 11, 69
17: 2, 58
18: 23, 62, 64
19: 37
20: 19, 1, 60
21: 38
22: 58
23: 13, 37, 22, 27
24: 10, 37, 68, 22, 4
25: 51
26: 17, 12, 63
27: 31
28: 21, 68, 64
29: 19, 59, 20, 25
30: 44, 69
31: 5, 52, 18, 52, 64
32: 22, 49, 25
33: 54, 3
34: 2, 37, 59
35: 10, 45, 65, 36, 23
36: 49, 31, 42
37: 63, 24, 59
38: 48, 6, 53, 41
39: 26, 30, 46, 13
40: 44, 61
41: 1
42: 23, 16, 6
43: 6, 9, 68
44: 55
45: 41, 41, 55, 21
46: 64, 39, 27, 43, 19
47: 11, 44, 38, 27, 33
48: 49, 57, 26
49: 42
50: 49, 46, 0
51: 59, 50, 26, 68, 48
52: 62, 26, 18, 21
53: 26, 59, 1
54: 68, 26
55: 60, 67, 5, 58
56: 6, 21, 6, 5
57: 42, 8
58: 46, 46
59: 29
60: 34, 1, 10
61: 68, 7, 1, 19, 38
62: 10, 28, 22, 28, 19
63: 25, 15, 10, 61
64: 51
65: 48
66: 25, 63, 11
67: 44, 50, 63, 49, 12
68: 52, 6
69: 67