# Number of Floors, Capacity
29, 8
# Floor Requests
0: 22, 8, 8, 11, 1
1: 8, 23, 28, 12, 18, 24
2: 5, 21, 19, 4
3: 16, 27
4: 21, 1, 13
5: 6, 21, 7, 15, 14, 24, 15
6: 27, 0, 12, 1
7: 24, 24
8: 21, 25
9: 0, 11
10: 5
11: 16, 26, 24, 20, 16, 21, 2
12: 10, 28, 26, 24, 22, 3, 9
13: 15, 21, 24, 2, 7, 2
14: 28, 22, 17, 15
15: 6, 0, 8, 6, 7, 6, 5
16: 0, 4, 23, 23, 23, 24
17: 20, 20, 4, 20
18: 22, 0, 27, 22
19: 6, 10, 14, 11, 2, 2, 4, 28
20: 6, 27
21: 5, 27, 6, 9, 1
22: 25, 11
23: 25
24: 26, 14, 9, 9, 5
25: 20, 4, 23
26: 22, 19
27: 19
28: 5, 24, 5, 11, 14, 8, 8