# Number of Floors, Capacity
27, 8
# Floor Requests
0: 4, 4
1: 23, 8, 4
2: 8, 23, 4, 20, 10, 13
3: 25, 8
4: 20, 21
5: 9, 23, 21, 6, 18, 16, 22
6: 26, 8, 16
7: 20, 3, 22, 15, 11, 24, 5
8: 26, 17, 19, 14, 1, 15, 7
9: 16, 5, 21, 3, 22, 8, 13, 26
10: 24
11: 12
12: 13, 1, 6
13: 18, 7, 22, 11
14: 11, 3
15: 4, 26, 3, 5, 8, 13, 16, 8
16: 14, 0, 14, 10, 21, 0, 6, 21
17: 12, 11, 10, 21, 9, 3
18: 8, 11, 16, 7, 20, 2
19: 24
20: 15, 8, 22
21: 16, 16, 2, 18
22: 16, 15, 4
23: 13, 11, 16, 13, 11, 1, 13
24: 14, 10, 12, 1, 10
25: 7, 3, 11, 17, 0, 18
26: 8, 10, 8, 23, 19, 15, 24