# Number of Floors, Capacity
59, 5
# Floor Requests
0: 54, 9, 29
1: 48, 11, 26
2: 46, 6, 16, 45, 26
3: 21
4: 4, 32
5: 31, 55, 8, 18
6: 48
7: 23, 52, 19
8: 22, 31, 52, 9, 2
9: 9, 33, 54, 4, 11
10: 32, 53, 12
11: 51, 15
12: 37, 47, 49
13: 7, 44, 52
14: 9, 18, 10
15: 29, 31
16: 25, 15, 13
17: 30, 20
18: 46, 25, 50
19: 49, 30, 23, 13
20: 35, 33, 38, 30
21: 22, 16
22: 10, 27, 36, 10, 45
23: 33, 41, 52, 9, 35
24: 19
25: 12, 40, 36, 47
26: 24, 53, 32, 16, 41
27: 58, 0, 10, 15, 17
28: 5, 28, 6
29: 52, 46
30: 53
31: 28, 15, 25, 31
32: 23, 16, 54
33: 3, 30, 31, 21, 10
34: 28, 10, 50, 42, 47
35: 46, 39
36: 13, 7, 25, 47, 46
37: 31, 12, 19, 23, 7
38: 9
39: 28
40: 49, 57, 26, 12, 55
41: 22, 35, 5, 36
42: 31, 15, 12
43: 20, 35, 35, 32, 25
44: 31, 43
45: 26, 43, 17, 3
46: 53, 12, 10, 38
47: 46, 40, 44, 6, 21
48: 42, 55
49: 12
50: 30
51: 13, 7, 45
52: 43, 5, 46, 4, 34
53: 46
54: 25, 21, 37, 31, 56
55: 36, 23, 5, 7, 14
56: 46, 55
57: 31, 46, 44
58: 17, 10, 8, 23, 26