# Number of Floors, Capacity
43, 5
# Floor Requests
0: 40, 32
1: 31, 27, 22, 14, 8
2: 23, 41
3: 12, 34, 26, 5, 5
4: 19
5: 29, 24, 20
6: 6
7: 6, 26, 14
8: 27, 29, 7
9: 0, 13, 8, 16
10: 37, 5
11: 0, 17
12: 29
13: 3, 3, 42, 40, 38
14: 19, 12, 29, 36
15: 37, 2
16: 9, 11, 29, 42
17: 10, 15, 21, 1, 20
18: 28, 13, 28, 8
19: 34
20: 1, 24, 19
21: 0, 31
22: 6, 40
23: 9, 8
24: 15, 12, 42
25: 7, 13, 36, 28
26: 30, 24, 13, 12, 32
27: 24, 20, 25
28: 29
29: 18, 10
30: 8, 26, 21, 23
31: 31, 26, 25, 29, 31
32: 42, 5, 14, 15
33: 8, 15, 6, 17, 5
34: 35, 2
35: 8, 5, 22, 12
36: 13, 6, 33
37: 39, 12, 13, 19
38: 17
39: 39
40: 23, 13, 7, 34, 2
41: 11, 1, 6, 42
42: 39, 17, 7