# Number of Floors, Capacity
57, 5
# Floor Requests
0: 47, 8, 28, 38
1: 21, 14
2: 42
3: 21, 31, 2, 16, 27
4: 2, 24
5: 39, 37
6: 11, 35, 27
7: 13
8: 12, 4, 16, 42, 46
9: 38, 41, 21
10: 3, 32, 4, 39
11: 53, 35, 1, 4, 6
12: 6, 18, 52
13: 6, 31, 19, 20
14: 47, 12, 50, 3, 8
15: 38
16: 8, 44, 50
17: 10, 19
18: 9, 53, 37, 18
19: 55
20: 3, 5, 36, 43, 35
21: 23, 13
22: 26, 14, 8, 44, 16
23: 54, 40
24: 18, 29
25: 0
26: 30, 52, 12, 42, 49
27: 2, 28, 5, 20, 0
28: 12, 8, 51
29: 45, 52, 31, 27, 18
30: 9, 44, 53, 28
31: 29, 11, 26, 37, 6
32: 31, 27, 19, 25, 31
33: 36, 16, 17, 51
34: 2
35: 11, 39, 11, 52
36: 34, 21
37: 51, 3
38: 25, 53, 53
39: 28, 10, 41, 42, 46
40: 3
41: 8, 23, 1, 21, 27
42: 47
43: 1, 20, 54
44: 34, 22, 51, 16, 2
45: 31, 50, 8, 7
46: 52, 12, 53, 31
47: 18, 14, 30
48: 25, 0, 15, 30, 7
49: 18
50: 3, 42
51: 0
52: 53, 11, 55, 0
53: 40, 8, 6
54: 37, 11
55: 25, 32
56: 29, 9, 25, 27, 15