# Number of Floors, Capacity
69, 5
# Floor Requests
0: 35, 37, 8
1: 9, 41, 4, 23, 1
2: 32, 42, 60
3: 5, 41, 26, 54
4: 46, 25, 66, 26
5: 22, 20, 44, 19, 22
6: 11, 28
7: 66, 59, 7, 22
8: 45, 63, 60, 38, 9
9: 29, 28, 28, 1, 65
10: 3, 25
11: 62
12: 2, 42, 16, 6
13: 10
14: 19, 0, 42, 45, 59
15: 42, 13
16: 38, 19, 45, 58
17: 56, 62, 3, 1
18: 24, 7, 59, 3
19: 42, 27
20: 56, 53, 23, 40, 42
21: 47
22: 53, 21, 40
23: 11, 36, 57, 0
24: 22, 0, 11, 41, 53
25: 52, 26
26: 64
27: 22, 66
28: 2, 55
29: 12
30: 32, 43, 40
31: 55, 31, 39
32: 5, 8
33: 16, 16, 56, 21
34: 10
35: 14, 8
36: 22, 8, 22, 39, 27
37: 20, 59, 4, 65, 23
38: 4, 57, 42, 43
39: 68
40: 29
41: 35, 44
42: 21, 6
43: 31
44: 3, 57
45: 57, 68
46: 36, 9
47: 0
48: 38, 30, 52
49: 56, 0, 38, 7, 12
50: 63, 14, 31, 39
51: 65, 9, 21, 25, 22
52: 52, 65
53: 38
54: 1, 34
55: 49, 66, 60
56: 36, 13, 14, 64
57: 20
58: 35, 29, 24
59: 1, 50, 26
60: 33, 37
61: 8, 66, 20, 46, 1
62: 39, 56
63: 43, 27, 32
64: 5, 17, 61
65: 1, 38, 16
66: 38, 20, 49
67: 29, 43
68: 68, 42, 57, 20