# Number of Floors, Capacity
30, 8
# Floor Requests
0: 4, 25, 25, 3, 21, 13, 16
1: 12, 11, 19, 27, 28
2: 7, 29, 26, 11, 8, 28
3: 26, 10, 23, 21
4: 10, 25, 22, 17, 29
5: 19, 27, 7, 8, 16, 0, 22
6: 24
7: 18, 20, 29, 24, 19, 6, 8, 1
8: 24, 21, 27, 5, 25, 4
9: 16, 19, 17
10: 28, 1, 9, 14, 24, 9, 14
11: 28, 29, 8, 25
12: 25, 25, 28, 21, 25, 26, 17
13: 29, 9, 18, 13, 4, 21, 27, 14
14: 16, 22, 1, 18, 23, 25, 7
15: 23, 11
16: 19, 6, 27, 18, 21, 3
17: 16, 15, 17, 27, 1
18: 14, 29
19: 5, 17, 23
20: 20, 2, 20
21: 10, 23, 16
22: 23, 28, 7
23: 11, 5, 5, 21
24: 15, 26
25: 19, 4, 26, 22, 7
26: 23
27: 0, 29, 4, 13, 27, 15, 12
28: 0, 27, 0, 28, 21, 12
29: 5, 1, 3, 20, 6, 18