# Number of Floors, Capacity
98, 5
# Floor Requests
0: 5, 73, 23, 84
1: 42, 35
2: 70
3: 74, 92
4: 40, 37, 20, 54
5: 51
6: 43, 23, 64, 29
7: 96, 35
8: 78, 37
9: 61
10: 20, 79, 23, 55
11: 1, 60, 17, 35, 87
12: 88, 66
13: 55, 30
14: 95, 85
15: 84
16: 84
17: 29, 72, 57, 70, 77
18: 51, 77, 33, 6, 38
19: 41, 6, 39, 89, 47
20: 59
21: 79
22: 95, 50, 63, 57, 3
23: 79, 0, 44
24: 40, 58, 2
25: 64, 52
26: 93
27: 97, 76
28: 27, 36, 71
29: 27, 34, 17, 61
30: 23, 75, 32, 70, 82
31: 65, 6
32: 36, 39, 51, 20
33: 14, 29
34: 75
35: 20, 88, 55
36: 67, 39, 3
37: 6, 52
38: 91, 97, 85, 41
39: 18, 54, 69, 33
40: 7, 42, 75, 55, 30
41: 58, 25, 60, 42
42: 2
43: 39, 93
44: 88, 45, 68, 39
45: 69
46: 40
47: 83, 11, 21, 42
48: 75, 57
49: 61, 24, 5, 62
50: 44, 22, 2
51: 27, 92, 63
52: 96, 93, 6, 37
53: 62, 74, 64, 65
54: 0, 17, 63, 96, 48
55: 80, 18, 20, 27, 61
56: 34, 84, 15
57: 30, 2, 63
58: 73, 45
59: 9, 10
60: 37
61: 66, 81, 60, 19
62: 89, 27, 40
63: 25, 37, 83, 81
64: 24, 42, 58
65: 42, 93, 91
66: 71, 64, 64, 3, 5
67: 97
68: 9, 97, 28, 17, 18
69: 75, 37, 47
70: 78, 70, 62, 43
71: 43, 83, 8, 14, 13
72: 82, 68, 85
73: 41, 56, 18, 37
74: 71, 53, 77, 74, 75
75: 67, 76, 48, 25, 90
76: 14, 24
77: 32
78: 42
79: 62, 44, 69, 61, 87
80: 69
81: 74, 29
82: 50
83: 60, 56, 80, 82
84: 22, 56, 28, 46, 29
85: 84
86: 19, 18, 52, 75, 86
87: 85, 50, 24
88: 95, 54, 57, 3, 3
89: 25
90: 22, 63, 72, 13
91: 27, 31, 66
92: 19, 11, 41, 89
93: 16, 20, 63, 89, 76
94: 83
95: 43, 69, 65, 4
96: 94, 61
97: 90