# Number of Floors, Capacity
31, 5
# Floor Requests
0: 6, 6, 21, 1, 11
1: 12, 8, 5, 7, 25
2: 6, 6, 25, 21, 6
3: 11, 17
4: 25, 14, 26, 7
5: 13, 4, 2, 0, 5
6: 28, 29, 20
7: 23
8: 28, 19, 13, 6
9: 4, 5, 21, 16
10: 9, 12, 12
11: 11, 3, 6
12: 16, 2, 7, 9, 0
13: 5, 28
14: 2, 0, 16, 16, 9
15: 19
16: 15, 27, 23, 21
17: 10, 30, 8
18: 7
19: 11, 2, 20, 28, 27
20: 26, 5, 0, 15, 19
21: 26, 24
22: 1, 28, 2
23: 18, 23, 18, 5
24: 2, 7, 5, 12, 21
25: 24, 1, 3
26: 0, 10, 9
27: 16, 14
28: 18
29: 16, 28
30: 3, 20, 6, 14