# Number of Floors, Capacity
76, 5
# Floor Requests
0: 45, 42
1: 74, 75
2: 8
3: 55, 51
4: 69, 16, 44, 35
5: 55, 73
6: 35, 13, 10
7: 21
8: 47
9: 65, 61, 3, 32
10: 41, 71, 26, 61, 49
11: 58, 40, 70
12: 11, 69, 32, 47, 12
13: 58, 49, 17
14: 4
15: 70, 47
16: 9, 64, 62, 23
17: 27, 64, 45
18: 22
19: 73, 7, 26, 44, 62
20: 20, 49, 32
21: 6, 61
22: 68, 19, 15, 75, 14
23: 15
24: 39
25: 34, 36, 4
26: 22, 27, 18, 14
27: 63
28: 7
29: 71
30: 48, 46, 7
31: 75
32: 16, 1, 64
33: 46, 61, 45, 26, 41
34: 24, 4
35: 40, 55
36: 41, 18, 68, 34
37: 16, 65, 14, 30, 7
38: 12, 56
39: 56
40: 50, 13, 26, 9, 6
41: 75, 29, 20, 75
42: 74, 44, 65, 23
43: 69, 46, 18, 39, 22
44: 75, 19, 49, 8
45: 1
46: 2
47: 7, 39, 42, 44
48: 39, 21, 63, 18
49: 44
50: 33, 40, 3
51: 75, 31
52: 34, 18
53: 39
54: 42, 21, 9, 72, 74
55: 4, 63, 73, 65, 15
56: 65
57: 2, 2, 21, 9
58: 60, 14, 31, 33, 13
59: 73, 11, 37, 54, 52
60: 25, 64
61: 26, 28, 12
62: 14, 40, 71
63: 65
64: 22, 22
65: 75, 50, 52, 1, 32
66: 37, 4, 5, 58, 23
67: 60, 45, 61, 73, 17
68: 44, 59, 35, 8, 46
69: 51, 32, 36, 21, 24
70: 31, 47, 26
71: 3, 18, 43, 59
72: 68, 23
73: 53
74: 30, 3, 2, 69
75: 30, 33