# Number of Floors, Capacity
68, 5
# Floor Requests
0: 40, 20, 30, 43
1: 1, 46
2: 51, 32, 25
3: 28, 12, 28, 22
4: 30
5: 46, 55
6: 26
7: 50, 49, 60, 58
8: 11, 26, 27, 19, 10
9: 13, 30, 30
10: 12
11: 32, 29, 4, 63, 15
12: 51, 1, 18, 13
13: 60, 60, 45, 5, 33
14: 66, 15
15: 33, 58, 2
16: 35, 60, 31, 8
17: 32, 24, 39
18: 13, 41, 9, 59
19: 64, 63, 2, 34, 18
20: 57, 35, 13, 17
21: 55, 31
22: 32, 28
23: 64, 65, 45
24: 29, 40, 16, 58, 56
25: 46, 65, 19
26: 1
27: 2
28: 64
29: 44, 60, 53, 43
30: 30
31: 16, 61, 21, 43
32: 66, 21, 24
33: 60, 2
34: 48, 56, 57
35: 34
36: 41, 2, 13, 61, 63
37: 66
38: 57, 39
39: 1, 24, 33
40: 12, 67, 26, 22, 15
41: 50, 37, 45
42: 40
43: 38, 44, 58
44: 3, 54, 32, 44, 3
45: 19, 31, 20
46: 41, 21, 44, 29, 66
47: 63, 19, 59, 37, 45
48: 28, 59
49: 24, 31, 58, 29
50: 52, 41, 12, 60, 65
51: 15, 32, 47, 50
52: 9, 2, 14, 53
53: 36, 47, 16, 58
54: 61, 28, 17, 51
55: 12, 43, 43, 39, 26
56: 15, 7, 15, 14, 61
57: 55, 10, 3, 20, 25
58: 62, 18, 28, 30
59: 33, 6, 33
60: 3, 19, 2, 26
61: 2, 58, 45
62: 35, 67
63: 3, 1, 38, 36
64: 33, 13, 62
65: 8
66: 55, 57, 64, 53, 32
67: 9, 22, 44, 15, 53