# Number of Floors, Capacity
89, 5
# Floor Requests
0: 20
1: 27, 21
2: 24, 74, 8
3: 21, 34
4: 0, 41, 25, 11
5: 44, 64, 42
6: 60
7: 86
8: 72, 42, 78, 10
9: 46, 77
10: 33, 76
11: 67, 7
12: 11, 83
13: 20, 19
14: 44
15: 62, 62, 87, 71, 27
16: 82, 33, 67
17: 39, 43, 64
18: 24, 5, 71, 74
19: 39, 25
20: 23, 82
21: 63, 68, 0, 5, 11
22: 83, 16, 74, 87
23: 39, 37, 59, 44, 3
24: 4, 7, 58, 3
25: 55, 4, 10
26: 50, 53, 50, 23, 68
27: 0
28: 46, 7, 47, 31
29: 5, 74
30: 19
31: 69, 13, 1, 62
32: 46, 10
33: 41, 13, 69
34: 61, 87, 16
35: 51, 57, 30, 44, 53
36: 44, 38
37: 3, 88
38: 17, 79, 7, 26, 65
39: 36
40: 47, 56, 79
41: 86
42: 18, 87
43: 33, 4, 63, 20, 22
44: 17
45: 45, 77, 59, 61, 25
46: 38, 35, 3, 57, 37
47: 5, 44
48: 78, 68, 74
49: 49
50: 81, 2
51: 5
52: 66, 79, 76, 70
53: 21, 48, 62
54: 11, 64, 25, 68
55: 84, 16, 64, 23, 0
56: 9, 46
57: 69, 39, 59, 77
58: 65, 72, 81, 22
59: 2, 81
60: 56, 14, 49, 14
61: 80, 82, 36, 50
62: 85, 66, 18, 72
63: 40, 55, 28, 63
64: 64, 61
65: 8, 37, 53, 34
66: 77, 87
67: 39, 78, 59
68: 47, 43, 38
69: 13, 13, 35, 25, 64
70: 61, 86, 76
71: 52, 61, 46, 81, 45
72: 76, 57
73: 6, 81
74: 11
75: 22, 7, 28, 12
76: 26, 12, 22
77: 19, 45
78: 32, 82, 86, 19, 4
79: 14, 2, 73, 14
80: 58, 40, 14, 31
81: 86
82: 18, 81
83: 71, 49, 4, 80, 79
84: 46, 86, 8
85: 54, 0, 15, 84
86: 67, 30, 26
87: 64, 14, 62
88: 22, 15, 52