# Number of Floors, Capacity
75, 5
# Floor Requests
0: 73, 19, 29
1: 6, 10
2: 26, 54, 63
3: 27, 13, 45
4: 38, 25
5: 8, 43, 10, 33
6: 19, 65, 69, 37
7: 55
8: 25, 3, 45, 37, 53
9: 66, 5, 50, 15, 62
10: 25, 12, 28, 37
11: 50
12: 67, 64, 38, 32, 27
13: 36
14: 72, 32, 46, 73, 19
15: 66, 10, 27, 44, 52
16: 56, 9, 63, 6
17: 59, 55, 19
18: 36, 61
19: 58, 14, 42
20: 69, 13, 21, 11
21: 8, 16, 17, 10, 39
22: 9, 46, 31, 3
23: 25, 24
24: 50, 66, 9, 43, 40
25: 50, 37, 68, 65, 9
26: 63, 40
27: 40, 74
28: 46, 57
29: 34, 60, 59, 42, 22
30: 71
31: 19, 56, 6
32: 73, 51, 41
33: 15, 43, 74, 19
34: 5, 50, 12, 22
35: 25, 8, 0, 38
36: 72, 0
37: 53, 71, 5
38: 46, 66, 24, 61
39: 50, 10, 13
40: 66, 12, 23, 20, 7
41: 43, 52
42: 28
43: 13, 5, 16, 18
44: 69, 67, 20, 16
45: 36, 68
46: 52, 53, 59
47: 60, 62, 6, 16
48: 5, 74
49: 22
50: 4, 67, 0, 34, 74
51: 29, 5, 74, 73, 57
52: 0, 26, 2, 0, 30
53: 8, 29, 37, 41, 35
54: 47, 0
55: 70
56: 12, 52
57: 60, 18, 64
58: 49, 59, 27, 5, 6
59: 17, 43
60: 74, 71, 47, 55
61: 0, 44, 59, 65, 14
62: 0, 2
63: 65
64: 69, 66, 40, 13, 62
65: 58, 45, 46, 8
66: 36, 71, 74
67: 52, 13
68: 55
69: 72, 48, 49, 14, 41
70: 66, 70, 17
71: 11, 33, 58, 65, 15
72: 12, 40
73: 6
74: 21