# Number of Floors, Capacity
89, 5
# Floor Requests
0: 31, 35
1: 76, 44, 52, 0
2: 83
3: 51, 20, 24, 55
4: 59
5: 37, 78, 49, 46
6: 72, 47
7: 88, 63, 30, 60
8: 85, 30, 7, 70, 49
9: 13, 4, 79, 72
10: 17
11: 29, 5
12: 46, 9, 39, 5, 68
13: 39, 73, 25
14: 51, 72, 58
15: 87, 79, 79
16: 23, 32, 28, 56, 35
17: 44, 60, 38, 78, 0
18: 5
19: 57, 26, 59, 57, 67
20: 53
21: 18, 74, 42
22: 65, 11
23: 36, 84, 87
24: 1, 57, 52, 29
25: 86, 80
26: 51, 8, 49
27: 17
28: 21, 2
29: 71, 43, 30, 67, 46
30: 50, 57, 14
31: 76, 22, 82, 69, 81
32: 22, 41, 41
33: 24, 83, 16
34: 30, 40, 87, 88
35: 78, 28, 23
36: 3, 22
37: 3, 34, 43, 21
38: 60, 46
39: 42
40: 8, 58, 64
41: 64, 36, 62
42: 39
43: 79
44: 13, 78
45: 32, 33, 6, 47, 64
46: 51, 66
47: 15, 42, 79, 57, 59
48: 86, 83, 61, 61, 48
49: 43, 74, 23, 73, 21
50: 26, 69, 57, 75
51: 29, 36, 65, 30
52: 4, 40, 12, 77
53: 88, 27, 24, 20, 43
54: 36, 41, 71, 74, 20
55: 86, 42
56: 4, 19
57: 57, 77
58: 13, 24, 16
59: 35, 76, 31, 68, 45
60: 67
61: 33, 88, 68, 40, 19
62: 14
63: 42, 1, 8, 50
64: 47, 84, 29, 34
65: 37, 44, 85, 11
66: 41, 41, 45, 84, 69
67: 50, 5, 81
68: 69
69: 50
70: 64, 47, 7, 83, 56
71: 19, 8
72: 73, 48
73: 76, 71, 45, 81
74: 49, 53, 61, 81, 10
75: 38, 71, 16, 6
76: 59
77: 52
78: 85, 2
79: 11, 71, 82
80: 69, 41, 13, 46, 17
81: 75, 15, 84, 85
82: 71, 25, 2, 59
83: 83, 81, 6, 62, 58
84: 75
85: 13, 5, 7, 47, 21
86: 78
87: 54
88: 50, 51