# Number of Floors, Capacity
93, 5
# Floor Requests
0: 34
1: 11, 20, 62, 1
2: 61, 54, 77, 75
3: 42, 43, 68, 45, 84
4: 37, 53
5: 78, 75, 52
6: 92, 76, 66
7: 83, 85
8: 88
9: 85
10: 78, 37, 30, 2, 63
11: 20, 22
12: 39, 11, 64, 73
13: 73, 3, 22, 90, 51
14: 41, 36
15: 14, 84, 40
16: 58, 3, 8, 71
17: 10, 89, 1
18: 53, 29, 54, 75
19: 78, 37
20: 30, 17, 29, 53, 4
21: 35, 69, 60, 28
22: 72, 89, 82, 30
23: 6, 79, 65
24: 24, 73, 13, 47
25: 17, 70
26: 32, 63, 63
27: 18, 8, 62, 68, 6
28: 48, 64, 57, 86, 87
29: 59, 41, 84, 18
30: 74, 77, 1
31: 8, 45, 64, 30, 32
32: 75
33: 45, 3, 37
34: 81, 66, 80, 56, 6
35: 30, 1
36: 17, 51
37: 35, 37, 27, 35, 79
38: 50, 28, 70
39: 66
40: 35, 40, 25, 3
41: 67, 91
42: 67, 76, 27
43: 21, 20, 80, 41
44: 22
45: 43
46: 27, 60, 54
47: 38, 47, 52, 30, 62
48: 12, 72, 91
49: 21, 85, 91, 19, 59
50: 90, 45
51: 3, 69, 86, 33
52: 24, 61
53: 30, 17
54: 58, 35
55: 52, 14, 14, 59, 40
56: 84, 40, 45, 7
57: 8, 17, 34, 78
58: 79, 77, 46, 53
59: 82, 81, 85, 18, 52
60: 32, 39, 29, 80, 47
61: 46
62: 17, 32
63: 60, 87, 61
64: 64, 92
65: 32, 61, 6, 7
66: 32
67: 0
68: 67, 32, 31
69: 34
70: 71, 2, 13, 59, 86
71: 63, 29, 64, 25
72: 4
73: 82, 7, 62, 20
74: 51, 83, 74, 62, 58
75: 32, 26, 41, 33, 8
76: 13, 5, 22, 66
77: 14, 88
78: 65, 18, 81
79: 33, 54
80: 0, 15, 55, 58, 2
81: 41, 70, 52
82: 64
83: 40, 74, 68, 36, 13
84: 74, 64
85: 68, 32, 21, 80
86: 4, 79, 56, 81
87: 63, 3, 52, 27
88: 40, 50, 92, 42, 47
89: 71
90: 68, 43, 84, 26, 0
91: 25, 34
92: 62, 5, 92, 69, 21