# Number of Floors, Capacity
35, 5
# Floor Requests
0: 6, 26
1: 24
2: 22, 8, 17, 20, 30
3: 12, 18
4: 32, 12, 6, 24, 32
5: 6, 28, 14, 14
6: 8, 17, 21, 23, 10
7: 25
8: 9, 5
9: 10, 34, 29, 23
10: 12, 19, 5, 3
11: 27
12: 25, 22
13: 24, 23, 21, 32, 2
14: 10, 14, 5, 6
15: 13, 32, 25
16: 8, 14, 32, 3, 15
17: 19, 0
18: 10, 16
19: 16, 3
20: 10, 31
21: 23, 15, 4
22: 16, 30, 6
23: 5, 9, 11
24: 4, 15
25: 4, 2
26: 11, 34
27: 21, 2, 6
28: 1, 27, 21
29: 14, 1
30: 16, 20, 21, 1, 11
31: 10
32: 29, 26, 9, 24, 26
33: 19, 27, 3, 14
34: 14, 19, 25