# Number of Floors, Capacity
25, 8
# Floor Requests
0: 19, 8, 19, 18
1: 23, 19, 2, 8, 15, 2, 2
2: 5, 16, 20, 3, 8, 23, 13
3: 9, 12
4: 18, 17, 1
5: 5, 20, 7, 3, 23, 14
6: 8, 20, 23, 2, 0, 20
7: 22, 11, 11
8: 16, 1, 8, 9, 13, 15, 5
9: 21
10: 22
11: 14, 21, 18
12: 0, 3, 18, 3
13: 6, 19, 22, 0, 18, 20, 24, 12
14: 17, 20, 9, 2
15: 14
16: 15, 18, 18, 23, 7, 10, 23, 7
17: 18, 7, 9, 5
18: 8, 21, 24, 7, 14
19: 23, 18, 15, 6
20: 14, 4, 10, 14
21: 1, 18, 1, 14, 19, 18, 16, 22
22: 21, 2, 1, 18, 9
23: 14, 3, 13, 19, 21, 22
24: 2, 14, 9, 13, 4