# Number of Floors, Capacity
98, 5
# Floor Requests
0: 30, 1, 92, 19
1: 59
2: 63, 84
3: 51
4: 62, 38, 52, 27
5: 23, 97, 87, 31
6: 48, 41, 46
7: 91, 69
8: 90, 67, 52, 85
9: 88, 15, 74, 76
10: 3, 43, 74, 69
11: 25
12: 13, 62
13: 29, 18, 68, 49
14: 86, 1, 35
15: 12
16: 88, 24, 25
17: 7, 40, 91
18: 95
19: 81, 30, 68
20: 76, 44, 21, 78
21: 44, 6, 18
22: 14
23: 94, 80, 13, 72, 87
24: 33, 81, 52
25: 29, 87, 95
26: 2
27: 1, 20
28: 93, 72, 2, 96, 82
29: 59, 88, 26, 52, 20
30: 85, 84
31: 80, 6, 91
32: 86, 92, 32
33: 61, 14, 81, 0, 25
34: 36, 87
35: 88, 94, 47, 28
36: 16, 94, 31, 59
37: 10, 59, 89, 42, 71
38: 65, 51
39: 56, 20, 2, 16
40: 32, 59, 14, 38
41: 43, 96
42: 68, 25, 87, 30, 26
43: 35
44: 92
45: 80, 5, 46
46: 0, 39, 71, 48
47: 35, 25, 45
48: 82, 33, 62, 75, 0
49: 73, 79, 24, 7, 4
50: 89, 21
51: 60, 26, 48, 31, 54
52: 80, 57, 4
53: 79, 28, 29, 39
54: 35
55: 4, 5, 47
56: 17, 17
57: 33, 9, 63, 7
58: 55, 37, 86, 26, 77
59: 84, 7, 36
60: 72
61: 45, 79
62: 55, 20, 18
63: 62, 96, 76
64: 25
65: 39, 63, 88, 11, 80
66: 95, 20, 8, 95
67: 63, 28, 17, 23, 82
68: 15, 46, 84, 9
69: 74, 92, 78, 75, 57
70: 40
71: 40, 65, 22, 36, 2
72: 96, 61, 5, 61, 14
73: 2, 47, 26
74: 56, 85
75: 93, 15, 18
76: 68
77: 96, 44, 74
78: 44, 10
79: 95
80: 50, 20, 3, 49
81: 7, 63, 84, 13
82: 28, 20, 5, 77
83: 65
84: 73, 74, 69, 97, 72
85: 2, 91, 53, 66, 44
86: 33
87: 92, 10
88: 37, 59, 84
89: 80, 28, 81, 31, 27
90: 4
91: 2, 24
92: 68, 8, 36
93: 77, 10, 57, 38
94: 91, 21, 86
95: 77, 95
96: 56, 61
97: 88, 93, 15