# Number of Floors, Capacity
85, 5
# Floor Requests
0: 13, 51, 32
1: 25, 17, 12, 73, 25
2: 59, 66
3: 2, 0, 11, 17, 64
4: 80
5: 54, 27
6: 45, 49, 68, 0
7: 38, 80, 71
8: 39
9: 0, 68, 18, 33, 56
10: 29, 58
11: 0
12: 83, 59, 75, 76
13: 33, 68, 81, 58
14: 50
15: 84, 83, 63, 10
16: 15
17: 1, 39, 13
18: 57, 62, 71, 15
19: 60
20: 22
21: 49
22: 8, 47, 67
23: 61
24: 47
25: 36, 15
26: 61, 41, 32, 8, 20
27: 8, 41, 0
28: 59, 7, 73
29: 18, 51, 45, 44
30: 33, 27, 4, 15, 53
31: 7, 56, 31, 65, 54
32: 54, 79, 80, 14, 6
33: 64, 28, 55, 84, 11
34: 76, 7, 60
35: 35, 30, 1
36: 70, 20, 15, 22
37: 33
38: 20
39: 62, 77, 7
40: 63, 49, 43
41: 30, 46, 15, 68
42: 60, 25, 36, 78, 43
43: 27, 58
44: 7, 53, 27, 84
45: 9, 65, 14
46: 81, 52, 39, 51
47: 69, 39
48: 74
49: 9, 65
50: 67, 24, 61, 3, 59
51: 38, 83
52: 84, 27, 80, 17, 14
53: 10, 49
54: 70, 52, 13, 62, 67
55: 83, 4, 44, 78, 40
56: 56, 61, 46, 70
57: 30
58: 60, 59
59: 20, 72
60: 20, 3
61: 44, 12, 25, 29
62: 39, 43, 45
63: 69, 13, 32
64: 47, 65, 76, 1
65: 35, 24, 78, 16
66: 9, 41
67: 81, 25, 5, 80
68: 2, 44
69: 59, 36, 18
70: 38, 62, 62, 15, 66
71: 16, 42
72: 19, 72, 79
73: 54, 54, 77, 5
74: 46
75: 22
76: 80, 6, 15, 33, 67
77: 4, 15, 6, 24
78: 79, 49, 36, 37, 19
79: 30, 46
80: 61, 5
81: 59, 81, 83
82: 31, 47, 9, 4
83: 43, 50, 11, 50, 8
84: 21, 11, 48, 84, 13