# Number of Floors, Capacity
97, 5
# Floor Requests
0: 19
1: 95, 47, 15, 29, 31
2: 11
3: 89, 78, 90
4: 38, 41, 57, 80
5: 72, 70
6: 5, 56, 1
7: 79, 29
8: 61
9: 1
10: 81, 40, 53, 9
11: 37, 51, 20
12: 81, 32, 57
13: 26, 54, 91, 22
14: 42, 56, 89
15: 17, 78, 94, 66, 65
16: 41
17: 85
18: 17
19: 14
20: 9, 62
21: 86
22: 94, 10, 80, 48, 41
23: 9
24: 11, 19
25: 24, 15, 92, 91
26: 33, 40, 67
27: 14, 64, 81, 50, 20
28: 73, 86, 80, 50
29: 59, 18, 2, 3, 12
30: 57
31: 61, 74, 82, 95
32: 75, 85, 8
33: 29, 62, 45
34: 45, 23, 91
35: 51
36: 50, 33, 18
37: 17, 31, 50, 12, 40
38: 61, 15, 51, 67, 79
39: 90, 64, 10
40: 37, 41, 18, 11, 58
41: 93, 27, 10
42: 20, 0, 11, 15
43: 46
44: 66, 8, 71, 54, 94
45: 95, 84, 15, 44, 68
46: 9, 75, 76
47: 16
48: 12
49: 84, 44, 11, 28
50: 7
51: 82, 22
52: 46
53: 93, 63, 33
54: 44, 68, 4
55: 87, 15
56: 21, 56, 5
57: 29
58: 56
59: 54
60: 23, 92
61: 53, 73, 45, 76, 66
62: 20, 69
63: 20, 53, 4
64: 63
65: 16, 25, 15, 9
66: 46
67: 43, 24, 68, 82, 79
68: 45, 1, 63, 82
69: 30
70: 13, 80, 88, 32, 49
71: 91, 53, 4, 69
72: 73, 40
73: 5, 44
74: 56, 55, 6, 41
75: 35, 35, 17
76: 51, 90, 42
77: 75, 16
78: 93
79: 20, 76, 53, 25, 94
80: 54, 60, 80, 45
81: 59
82: 23, 18
83: 9, 49
84: 91, 77
85: 40, 29, 80, 84, 33
86: 0, 49, 78, 45
87: 26, 10, 24
88: 9, 1, 31
89: 87, 74, 41, 11, 89
90: 17, 29
91: 82, 24, 42
92: 80, 62, 11
93: 49, 55, 19
94: 88, 20, 64, 83
95: 78, 17, 14, 77, 55
96: 6, 29