# Number of Floors, Capacity
27, 8
# Floor Requests
0: 25, 9, 8, 12, 11, 13, 8, 20
1: 24, 3, 12, 13, 4, 3
2: 9, 17, 4, 14, 12
3: 14
4: 16, 5, 11, 5, 22, 10, 3
5: 16
6: 8, 13
7: 0, 20, 1, 15, 12, 6
8: 17, 19
9: 19, 16, 0, 2, 0
10: 13, 6, 2, 26, 3, 5, 23
11: 3
12: 22, 24, 16, 8, 19, 18, 0
13: 14
14: 0
15: 22, 6, 12, 22, 9, 22
16: 4, 19, 10, 20, 11, 19, 15, 25
17: 14, 26
18: 2, 21, 9, 6, 17, 5
19: 23, 17, 20, 7, 12, 4
20: 17
21: 17, 1, 23
22: 12, 16
23: 3, 22, 12
24: 26, 13, 11
25: 2
26: 12, 7, 25, 5, 5, 9, 24