# Number of Floors, Capacity
55, 5
# Floor Requests
0: 18, 51, 18, 31, 23
1: 18, 32, 32, 21, 20
2: 35
3: 41
4: 15, 9
5: 0, 52, 5
6: 22, 8, 11, 51
7: 24
8: 30, 17, 19, 32
9: 39, 6, 19, 36
10: 46, 26
11: 16, 46, 33
12: 48
13: 35, 8, 19, 5
14: 2, 0, 4
15: 44, 12, 53, 38
16: 28, 11
17: 15
18: 39, 54, 17, 22, 36
19: 22, 39, 23
20: 38
21: 26, 35, 39
22: 25, 39
23: 12, 40, 38, 7
24: 45, 2, 32, 16
25: 31
26: 41
27: 38, 30, 6, 35
28: 43, 20, 17, 54
29: 22, 7
30: 30, 53
31: 1, 32, 30, 25
32: 29, 4
33: 2, 51, 0, 25, 27
34: 12, 16, 1, 33, 40
35: 11, 24, 4
36: 43, 27, 5
37: 50, 2, 10, 47
38: 42
39: 2
40: 50
41: 28, 23
42: 32
43: 44, 11, 22, 28
44: 15, 3, 27
45: 54, 37, 54, 14, 4
46: 8, 39, 13, 21
47: 19, 7
48: 43, 13, 46
49: 40, 4, 9
50: 25, 25, 15, 29, 41
51: 17
52: 19, 46, 50, 50
53: 10, 40, 11, 30, 3
54: 13, 38, 38, 49