# Number of Floors, Capacity
30, 8
# Floor Requests
0: 18
1: 9, 7, 15, 15, 19, 25
2: 0
3: 7, 18, 8, 15, 2, 29
4: 25, 22, 16, 5, 9, 8, 23, 22
5: 21
6: 16, 15, 27, 19, 4
7: 29, 24, 29, 8, 19
8: 24, 21, 0
9: 11, 24, 4, 15
10: 27, 29, 12, 17, 0, 24, 6, 17
11: 3
12: 5, 26, 0, 21, 9
13: 14, 16, 6, 19, 5, 4, 24, 14
14: 1, 23, 1, 26, 8
15: 5, 11, 24, 22, 8, 23
16: 3, 4, 18
17: 26, 16, 20, 5, 10, 28
18: 26, 29, 7, 25, 11, 29, 13, 26
19: 12, 2, 27, 4
20: 25, 4, 5
21: 14, 0, 8, 23, 2, 23
22: 16, 9, 3, 15
23: 27, 26, 10, 13, 16, 0, 10
24: 14, 16, 22, 20, 13, 29, 10
25: 4, 4, 1, 15
26: 4, 15
27: 0, 26, 26, 24, 8, 6
28: 5, 5, 4
29: 28, 12, 22, 18, 2, 3, 16