# Number of Floors, Capacity
24, 8
# Floor Requests
0: 23, 2, 16, 15, 4
1: 2, 17
2: 12, 6, 2, 9, 10, 13
3: 5, 4, 5
4: 5, 23, 10, 1, 0, 16, 3, 12
5: 19
6: 11, 10, 10, 12, 17
7: 23, 3, 19, 23, 11
8: 22, 13, 11, 16
9: 10, 4, 23, 17, 21, 23, 22
10: 2, 12, 13, 18, 20, 2, 1, 17
11: 9, 22, 19, 22, 5, 9
12: 19, 13, 23
13: 5
14: 5, 23, 22, 23, 12, 12
15: 8, 13, 9, 2, 0
16: 4, 15
17: 3, 8, 12
18: 23, 10, 9, 11, 19, 8, 18
19: 2, 17, 19, 6, 2, 12
20: 11, 16, 11, 9, 0, 19
21: 3, 11, 7, 2, 19, 0, 9
22: 3, 0, 12
23: 22, 16, 21, 8