# Number of Floors, Capacity
93, 5
# Floor Requests
0: 28, 71, 64, 92, 2
1: 27, 87, 90
2: 7, 8, 23, 89, 76
3: 2, 9, 74, 23
4: 43, 80, 80
5: 48, 2
6: 26, 87, 29
7: 5, 81, 60
8: 35, 78
9: 17, 60, 78, 63, 68
10: 9, 29, 83
11: 29, 77, 91, 23, 87
12: 13, 13, 25, 24, 85
13: 33, 82
14: 14, 15, 56, 67, 34
15: 66, 86, 64, 2
16: 43, 77, 92
17: 65
18: 73, 67, 68
19: 4
20: 36, 29
21: 44, 21, 92, 46, 7
22: 87, 80, 29, 10
23: 64
24: 21, 8
25: 3, 33, 12, 71
26: 34
27: 86
28: 56, 54, 76, 40
29: 77, 85
30: 35, 0, 56, 46, 78
31: 57, 30, 19, 51
32: 81
33: 13, 9
34: 53, 52
35: 61, 83, 68, 67, 28
36: 6, 46
37: 66, 24, 60, 11, 86
38: 49, 40
39: 71, 14, 47
40: 50, 15, 74, 62, 57
41: 37, 92
42: 10, 47, 74, 19, 50
43: 0, 53, 33, 8
44: 76, 14, 66
45: 1, 1
46: 80, 89, 65, 60
47: 56, 67, 18, 28
48: 50, 3, 35
49: 39, 23, 44
50: 42, 38
51: 1
52: 80, 46, 75, 0
53: 66, 47
54: 14
55: 77, 56
56: 70, 54, 79
57: 91
58: 51, 34, 66, 35
59: 37, 51, 56, 72, 66
60: 12, 32, 43, 53
61: 14, 27, 21, 71, 84
62: 30, 46, 92, 16, 38
63: 12, 79, 60
64: 10
65: 61, 25, 44, 1, 73
66: 24, 11
67: 54, 0, 83, 64, 64
68: 69, 58
69: 52
70: 72, 3, 33
71: 22, 61
72: 82, 76, 21
73: 32, 35
74: 92, 50
75: 72
76: 74, 65, 46, 13
77: 24, 74
78: 5
79: 31, 46
80: 73, 54, 33, 40, 51
81: 74, 84, 11
82: 48, 76, 77, 76
83: 92, 29, 32, 90, 21
84: 70, 70, 76, 48, 62
85: 18
86: 39, 14, 11, 52
87: 27
88: 33, 90
89: 92, 45, 33, 54
90: 21, 64, 52, 50, 58
91: 58
92: 56, 39