# Number of Floors, Capacity
35, 5
# Floor Requests
0: 15, 9
1: 8, 3
2: 3
3: 4, 15, 13, 2, 15
4: 23, 29, 10, 6, 21
5: 3, 25, 16, 2, 32
6: 14, 4, 29
7: 20, 5, 29, 27, 14
8: 7, 34, 16, 28
9: 26
10: 18, 11, 29, 24, 19
11: 20, 28, 10, 29, 25
12: 11, 22
13: 27, 20, 26, 17
14: 9, 32, 29
15: 22, 32, 19
16: 16, 12
17: 23
18: 3, 3, 5, 11
19: 6, 19, 14
20: 31, 28, 15
21: 22, 14, 28, 6, 6
22: 11
23: 12, 30
24: 32, 7
25: 1, 15, 32
26: 21, 8
27: 10, 23, 19, 1
28: 32, 26, 8, 5
29: 26
30: 19
31: 29, 6, 23, 6, 14
32: 28, 32, 10, 33, 18
33: 34
34: 26, 17, 7, 9, 18