# Number of Floors, Capacity
65, 5
# Floor Requests
0: 63
1: 48
2: 63, 29, 19, 64, 58
3: 54
4: 10, 43
5: 25
6: 42, 30, 28, 2
7: 57, 15, 26, 33, 34
8: 48, 48
9: 18, 54, 61, 62, 25
10: 62, 17
11: 39, 60, 64
12: 50, 49, 28, 36, 8
13: 55, 24, 48, 31, 32
14: 47, 9, 48, 49
15: 36, 40, 40, 22, 58
16: 13, 8
17: 17
18: 10
19: 48
20: 57, 62, 50, 61, 5
21: 41, 16, 39
22: 50, 57, 7, 24
23: 44, 40, 45, 10, 19
24: 25, 7, 58, 11, 55
25: 60, 45, 2, 13, 56
26: 43, 34, 58
27: 25, 41, 27
28: 16, 48, 6
29: 2, 27
30: 11, 24, 32
31: 33, 60
32: 54, 36
33: 14, 60, 15, 11, 8
34: 64, 16
35: 55, 30
36: 25, 53
37: 34, 38
38: 42, 3, 40
39: 22, 2, 23, 58
40: 59, 20, 23, 18, 31
41: 17, 28, 55, 14, 51
42: 11, 3, 61, 38, 12
43: 10, 5
44: 4, 21, 61, 0, 22
45: 11
46: 34, 61
47: 16
48: 47, 62, 7
49: 21, 7, 41, 42
50: 27, 1, 15, 35
51: 51, 3, 6, 16
52: 10, 43, 33
53: 11, 57, 64
54: 53, 1, 9
55: 24, 23, 25
56: 24, 19
57: 45, 44
58: 56, 46, 45, 49
59: 44, 18, 46, 28
60: 49
61: 39, 22, 55, 28, 47
62: 57
63: 30, 8, 40, 62, 34
64: 26, 24, 47, 55, 53