# Number of Floors, Capacity
28, 8
# Floor Requests
0: 17, 10, 5, 19, 13, 11
1: 25, 26, 24, 25, 22
2: 11, 22, 21, 9, 15
3: 19, 4, 9, 25, 9, 0
4: 21, 1, 17, 26
5: 18
6: 26, 2, 15, 26
7: 23, 14, 26
8: 18, 24, 19, 26
9: 18, 23, 19
10: 13, 1, 7
11: 10, 1, 14, 24, 14, 3, 25
12: 22, 25, 14
13: 5
14: 21
15: 27, 14, 7
16: 21, 4, 22, 21, 27, 22, 14, 10
17: 22, 10, 2
18: 20, 26, 19
19: 15, 24, 26
20: 25, 26, 4, 2, 7, 6
21: 23, 19, 5
22: 21, 9
23: 27, 16, 3
24: 18, 20, 18, 19, 3, 0, 18, 14
25: 7, 14, 9, 13, 20, 0, 5, 17
26: 21, 23, 10, 10
27: 8, 23, 9, 11, 3, 14, 9, 2