# Number of Floors, Capacity
36, 5
# Floor Requests
0: 2, 32, 35, 29, 17
1: 31, 28
2: 31, 17, 2, 1
3: 21, 14, 0
4: 20, 0, 21, 2, 3
5: 24, 7, 15
6: 31, 18
7: 15, 27
8: 24
9: 16, 27, 34
10: 35, 35
11: 31
12: 19, 7, 19, 10
13: 29
14: 25, 1, 3, 4, 34
15: 22, 18, 24
16: 22, 25, 19
17: 34, 22, 30
18: 23, 2, 28, 19
19: 20
20: 15, 14, 18, 35
21: 7
22: 27, 14, 34, 1, 17
23: 27, 33, 24
24: 17, 10, 28, 25
25: 25, 10, 3, 9, 16
26: 9, 13
27: 33
28: 18, 16, 3, 22
29: 1, 10, 25
30: 23, 31
31: 13, 5
32: 6, 1, 28
33: 7, 28, 2, 13
34: 17, 11, 7
35: 10, 30, 34, 14