# Number of Floors, Capacity
30, 8
# Floor Requests
0: 5, 24
1: 0, 9, 11, 14, 20, 13, 17, 8
2: 18, 19, 22, 6, 23, 3
3: 28, 18, 10, 26, 1, 3, 28, 3
4: 8, 7, 18, 14
5: 16, 6, 13, 23, 15
6: 5, 13, 1, 5, 13, 26
7: 21, 11, 24, 5
8: 3, 27, 9, 25, 1, 24
9: 20, 9, 9, 25, 27, 29, 21
10: 29, 20, 22, 23, 28, 13, 3
11: 2, 22, 5, 1, 1
12: 14
13: 13, 28, 20, 11, 28
14: 29, 20, 4, 20, 5, 3, 18, 5
15: 26, 16, 10
16: 1, 10
17: 15
18: 2, 15, 22, 29
19: 26, 29, 0, 16, 24, 14, 28, 14
20: 4, 24, 20, 22, 17
21: 6, 9, 15, 9, 24, 3, 12
22: 22, 20, 11
23: 4, 20, 18, 0, 21, 15, 25
24: 22, 1, 18, 4, 15
25: 12, 11, 27, 6, 20, 26, 29
26: 24, 28, 0, 18
27: 5
28: 26, 16, 23, 7, 29, 20, 15
29: 10, 16, 26