# Number of Floors, Capacity
73, 5
# Floor Requests
0: 65, 52, 33
1: 10, 56, 8, 65, 26
2: 0
3: 9, 53
4: 22, 69, 9, 14, 0
5: 26, 10, 34, 58, 41
6: 45, 65, 4
7: 5, 5, 57, 52, 26
8: 13, 56, 28
9: 62, 50, 26, 23, 37
10: 13, 70, 34
11: 12, 61
12: 67, 72, 10, 11
13: 49, 48
14: 34, 4, 2, 11
15: 29, 72, 4, 26
16: 41, 62
17: 59, 26, 35
18: 3, 11, 54, 71
19: 25, 18
20: 6, 58
21: 50, 33, 27
22: 53, 33, 10
23: 52, 61, 40
24: 34
25: 51, 9, 65, 26
26: 56, 12
27: 17, 14
28: 34, 16, 36, 6
29: 47, 66
30: 27, 29, 54, 7
31: 67, 47, 25, 37
32: 4, 2, 31, 7
33: 8, 49, 18, 24
34: 57, 27
35: 4, 60, 36
36: 1, 65, 11
37: 48
38: 20, 53
39: 17, 24, 15, 4
40: 53, 66, 57, 26, 24
41: 40
42: 55
43: 67, 5
44: 63, 60, 57, 57
45: 34, 65, 1
46: 40, 50, 39, 70
47: 36, 67, 52
48: 1, 25, 66
49: 67, 2, 8, 7
50: 57
51: 31
52: 27, 64, 58, 38
53: 62
54: 32, 27, 62, 0, 28
55: 16, 51
56: 37, 12
57: 56, 0, 9
58: 0, 39
59: 7
60: 46, 68, 35, 0
61: 9, 35, 68
62: 24
63: 2, 69, 2, 38
64: 38, 45, 11, 21
65: 52, 72, 19, 46, 0
66: 22, 34, 47, 12, 23
67: 47
68: 33, 33
69: 46
70: 6, 43, 12, 50
71: 5, 46, 59, 63, 9
72: 40, 72, 44