# Number of Floors, Capacity
29, 8
# Floor Requests
0: 10, 0, 15, 17, 28, 13, 5, 28
1: 27, 9, 3, 24
2: 5, 10, 14, 5, 0, 24, 26, 24
3: 10, 11, 11, 8, 2, 9, 12, 27
4: 24, 10
5: 25, 6, 24, 8, 10, 3
6: 18, 1, 28, 16, 3, 27, 23, 12
7: 28, 14, 7, 22, 19, 26, 15
8: 27, 9, 22, 17, 18, 7
9: 2, 27, 5
10: 5
11: 24, 23, 16, 24, 18, 6, 5, 27
12: 1, 14, 12, 28
13: 1, 4, 23, 27
14: 26, 14, 20, 6
15: 24, 26, 5, 23
16: 2, 2, 14, 13
17: 6, 27, 25, 28, 27, 11, 7
18: 19, 19, 17, 24, 1, 15
19: 16, 18, 16, 12, 7, 22
20: 18, 1, 6, 16, 8, 20, 23, 4
21: 6
22: 17
23: 23, 15, 0, 15, 26, 21
24: 5
25: 8, 5, 0
26: 13, 19, 21, 25, 13, 10, 23, 6
27: 26, 25, 10, 27
28: 8, 13