# Number of Floors, Capacity
67, 5
# Floor Requests
0: 21
1: 50, 20, 29, 40
2: 25, 11, 24
3: 62, 45, 21, 66, 59
4: 20, 35
5: 48, 6, 53, 54
6: 40, 11, 35, 37
7: 65, 55, 17
8: 52
9: 16, 47
10: 50, 47, 31, 1
11: 47, 7
12: 3, 13, 25
13: 54, 41, 20
14: 53, 29
15: 58, 21, 33, 53
16: 41, 63, 65, 32
17: 45, 57, 26, 19, 33
18: 13, 54, 15, 55
19: 12
20: 50
21: 5, 46, 5, 36, 25
22: 1, 47
23: 42
24: 54, 58
25: 61, 27, 39, 38
26: 6, 59, 66, 44
27: 19, 9, 3
28: 34, 57
29: 29
30: 58
31: 63
32: 39
33: 54
34: 58, 30, 36
35: 37, 27, 34, 9, 42
36: 40, 31, 34, 37, 47
37: 65, 56
38: 60, 62
39: 65
40: 44, 44
41: 12, 8, 31
42: 5, 49, 8, 60, 4
43: 8, 24
44: 45, 43
45: 38, 19, 43, 52
46: 28, 22
47: 2, 28, 53
48: 29, 35, 36, 48, 16
49: 8, 34, 26
50: 39, 14, 44, 14, 37
51: 33, 44, 12, 22, 60
52: 20, 41, 43, 0, 7
53: 44, 58, 10
54: 20, 33
55: 36, 32, 0, 19
56: 56, 47
57: 36, 36, 65
58: 23, 10, 64, 48
59: 66, 30, 50
60: 22, 42, 12
61: 65, 15, 66, 3
62: 51, 47, 39, 2, 52
63: 53, 36, 29
64: 65, 15, 30
65: 28, 60, 49
66: 9, 52