# Number of Floors, Capacity
95, 5
# Floor Requests
0: 37
1: 87, 25, 61
2: 22, 58
3: 80, 28, 94, 73
4: 10, 7, 8
5: 61, 79, 91, 21, 13
6: 2
7: 69, 81, 22, 81, 41
8: 43, 12, 81, 31, 74
9: 5, 63, 49, 88, 4
10: 39, 38, 37, 11
11: 20, 31, 47, 94
12: 5, 66, 81
13: 21, 69
14: 42, 37, 26, 77, 59
15: 56, 43, 35, 45, 11
16: 34, 2
17: 77
18: 77
19: 89, 24
20: 52, 80, 52
21: 22, 94, 75, 25
22: 35, 59, 69, 80
23: 60, 29
24: 33, 88, 74, 75
25: 77, 91, 69
26: 41, 23, 82
27: 78
28: 19
29: 73, 29, 87
30: 62
31: 73
32: 50, 47, 6, 31, 0
33: 31, 6, 74, 31, 57
34: 8, 84, 22, 66
35: 49
36: 9, 93, 23
37: 31, 41, 36, 55
38: 56
39: 58, 93
40: 93, 8, 31
41: 50, 22
42: 69, 84, 42
43: 15
44: 65, 3
45: 94, 21, 91
46: 93, 51, 12
47: 48, 82, 17, 79
48: 54, 78
49: 52
50: 41, 87, 3
51: 3, 71
52: 77, 63
53: 83, 73
54: 38, 71
55: 29, 82, 7, 31
56: 63, 60
57: 64, 77, 43, 1
58: 91, 19, 41, 20, 86
59: 34, 21
60: 18, 24, 56
61: 5, 74, 23
62: 55, 3
63: 17, 13, 42
64: 91, 41, 3, 42
65: 9, 87, 43
66: 50
67: 68, 39, 86, 88, 91
68: 23, 53
69: 39, 11, 25, 15
70: 45, 5, 30, 41
71: 70, 80
72: 45
73: 22, 85, 47, 24, 13
74: 47, 70, 85
75: 75, 61, 3, 0
76: 42, 86
77: 34, 82, 94
78: 33, 27, 2
79: 93
80: 14
81: 64, 3, 57, 53, 38
82: 81, 92, 61, 46
83: 36, 38, 38, 10
84: 15, 60, 81, 16
85: 88, 46, 16, 7, 65
86: 57
87: 17, 86, 77, 24
88: 5, 87, 53, 67
89: 7, 52, 40, 58, 0
90: 93, 52, 3, 51
91: 34
92: 88, 81, 20
93: 53, 62
94: 31