# Number of Floors, Capacity
87, 5
# Floor Requests
0: 75, 66, 22, 46, 70
1: 62, 54, 24
2: 70, 42, 7, 27, 2
3: 82, 32, 66
4: 72, 53, 33
5: 67
6: 4, 71
7: 35, 35, 53
8: 72, 57
9: 59, 82
10: 46, 34, 50, 11, 37
11: 17, 15, 62, 65
12: 4, 45, 32, 9
13: 11
14: 34, 76, 54, 77
15: 36, 46, 36, 65
16: 21
17: 84
18: 74, 85, 7, 29
19: 67, 59, 48, 81, 73
20: 56, 4, 56, 35, 71
21: 23, 21, 54, 48
22: 84
23: 69, 45, 33, 30
24: 39, 33, 54, 26, 80
25: 55, 61, 43, 72, 3
26: 36, 36, 29, 18, 12
27: 6
28: 6, 27, 65, 65, 39
29: 39, 53, 54, 35
30: 37, 69, 72, 20, 43
31: 40, 49, 63
32: 29, 64, 73
33: 25, 78, 62, 62
34: 53
35: 31
36: 24, 61, 68, 9
37: 42, 60, 68
38: 1, 48, 7
39: 72, 66, 53
40: 7
41: 45, 27, 33
42: 72, 86, 82, 67, 25
43: 77, 12
44: 81, 21, 32
45: 20, 2, 63
46: 52, 73, 72, 14
47: 15, 66, 16, 76
48: 70, 69, 7
49: 36, 81, 16, 77, 9
50: 29, 59, 81, 17
51: 41, 30
52: 40, 34
53: 22, 62, 46, 0
54: 43
55: 32, 45, 40, 76, 73
56: 13, 12, 10, 21
57: 5, 6, 27, 39, 73
58: 81, 65, 53, 12, 67
59: 54, 27
60: 35, 84, 53, 12, 4
61: 26, 31, 27, 7
62: 84, 39, 72
63: 49, 54, 13, 30
64: 43
65: 69, 2
66: 46
67: 31
68: 54, 66, 8
69: 72, 19, 12, 36
70: 0, 26, 28, 7
71: 12, 54, 21
72: 3, 36, 67, 6, 1
73: 61, 21, 63, 54, 8
74: 52, 75
75: 28, 29, 69, 70, 2
76: 39, 67, 45
77: 35, 75
78: 82, 50
79: 52
80: 3, 78, 81, 68
81: 56, 51, 19
82: 69, 75, 58, 64
83: 14, 8, 77
84: 24
85: 29
86: 69