# Number of Floors, Capacity
28, 8
# Floor Requests
0: 5, 23, 0, 25, 22, 4, 16, 16
1: 20, 26, 10, 0
2: 9, 17
3: 26, 7, 17, 16, 17, 21, 14, 1
4: 11, 3, 24, 10, 18, 0
5: 12, 8, 13, 6, 2, 15
6: 17
7: 7, 24, 6, 19, 27
8: 2, 1, 3, 25, 8, 19, 19
9: 3
10: 18, 20, 21, 15, 22
11: 3, 2
12: 22, 22, 26, 25, 10, 5, 23
13: 8, 2, 14, 20, 21
14: 21, 8, 17, 2, 4, 14, 11
15: 15, 13
16: 20, 23, 22, 24, 26, 19
17: 2, 3, 9, 18, 14
18: 17, 26, 23, 14, 7, 26, 14, 19
19: 6, 17, 4, 9, 10, 11, 3, 10
20: 16
21: 23, 22, 12, 9, 5, 16
22: 10, 21, 20, 7, 1, 1, 25, 10
23: 21, 15
24: 27
25: 2, 7
26: 25, 6
27: 19, 10, 2