# Number of Floors, Capacity
65, 5
# Floor Requests
0: 36
1: 36, 5, 38, 50, 1
2: 52, 50
3: 15, 17, 58, 62, 43
4: 16, 55, 10, 51, 18
5: 19, 28, 26, 59
6: 15, 56, 58, 22, 21
7: 37, 31, 30, 20
8: 16
9: 12
10: 43, 26, 28
11: 12, 14
12: 25
13: 34, 57
14: 21, 60, 54, 3
15: 59, 21, 39, 22
16: 13, 35
17: 53, 2, 28, 35, 5
18: 47, 42, 13, 44
19: 9, 20, 50
20: 49, 32, 4
21: 33, 53
22: 37, 17, 51
23: 52, 5, 45
24: 30, 6, 25
25: 50, 46, 62, 54, 13
26: 57, 55, 58, 29
27: 46, 58, 33, 48, 59
28: 18, 24, 33, 56
29: 15, 21
30: 63, 50, 31, 35
31: 63, 56, 40, 56
32: 20
33: 53, 46
34: 29
35: 56, 31, 47, 62, 39
36: 48, 32
37: 60, 12, 25
38: 12
39: 29, 47, 19, 40, 53
40: 32, 40, 1, 50
41: 56, 32
42: 64, 59, 14, 56
43: 57
44: 32
45: 27, 41, 62
46: 1
47: 33
48: 24, 38, 48
49: 61, 7, 48, 64, 50
50: 50, 40, 21, 13
51: 62, 60, 43, 10, 32
52: 14, 9, 36
53: 19, 50, 0, 51
54: 54, 53, 62, 60
55: 54
56: 60, 42, 44
57: 31, 2, 33, 50, 18
58: 16, 61, 31, 45, 58
59: 9
60: 37, 59, 23
61: 57
62: 48
63: 58, 45, 47, 41, 15
64: 58, 58