# Number of Floors, Capacity
29, 8
# Floor Requests
0: 26, 25, 17, 14, 16, 2, 26
1: 6, 28, 24, 23, 28
2: 8, 21
3: 11, 1, 25, 19, 27, 0, 24, 2
4: 10, 0
5: 16, 26, 18, 25, 25
6: 5, 13, 18
7: 4, 11, 3, 16, 24, 15, 28
8: 25, 15, 28
9: 10, 24, 0
10: 24, 19, 1
11: 21
12: 5, 6, 15, 19, 23
13: 5, 9, 1, 11, 2, 2, 14, 21
14: 0
15: 11, 9, 11, 23, 8
16: 21, 12, 23, 22, 19, 19, 7, 6
17: 27, 27, 25
18: 6, 26, 14, 27, 14
19: 11, 23, 2, 8, 17
20: 17, 18
21: 7, 7, 25, 16, 9
22: 5, 15, 23, 26, 28, 24, 27
23: 17, 26, 7, 19, 14, 11, 17
24: 4, 5, 3, 10, 0
25: 3
26: 23, 13, 9, 4, 17, 1, 3, 0
27: 17, 12, 16
28: 3, 15