# Number of Floors, Capacity
53, 5
# Floor Requests
0: 22
1: 13, 48, 2, 2, 2
2: 44, 39, 2, 40, 5
3: 49, 34, 41, 52
4: 29, 34, 1, 31, 35
5: 21, 2, 15, 13, 25
6: 16, 50
7: 4, 10, 8, 47
8: 13, 13, 13, 38, 44
9: 10
10: 17
11: 29, 26
12: 47, 28, 24, 8
13: 32, 12, 19, 46
14: 33, 23, 20
15: 25, 4, 10, 52, 8
16: 6, 31, 32, 13, 29
17: 39, 18, 40
18: 20, 30, 5, 28
19: 5, 28
20: 30
21: 20
22: 36, 39
23: 52, 17
24: 4, 27, 51
25: 11, 39, 27, 4
26: 51, 43, 45, 48
27: 18, 4, 38, 34, 36
28: 9, 6, 52
29: 47
30: 43, 17, 37, 38
31: 21, 16, 30, 31
32: 27, 23, 45
33: 38, 33, 15
34: 32, 12, 22
35: 47, 30, 47
36: 34
37: 35
38: 12, 47
39: 38, 12
40: 4, 52, 46, 47
41: 46, 5, 24, 4
42: 51, 8
43: 10, 32
44: 41, 29, 20, 31, 32
45: 10, 31, 28, 42, 36
46: 9
47: 49, 41, 20
48: 30, 32
49: 18, 42, 8, 41
50: 26
51: 36, 51, 47, 8
52: 33, 43, 49, 29