# Number of Floors, Capacity
26, 8
# Floor Requests
0: 16, 2
1: 7, 10
2: 9, 0, 22, 19, 0, 21, 11, 6
3: 17, 8, 17, 24
4: 14, 9, 13, 25, 13, 6, 3, 23
5: 15, 11
6: 15, 16, 18, 3, 17, 14
7: 20
8: 23, 23, 9, 1, 7, 18, 5
9: 11, 14, 15, 6, 0
10: 18, 19, 6, 2, 12, 16, 14
11: 2, 17, 16, 15, 3, 21, 25
12: 9, 2, 1, 11, 23, 14, 8, 24
13: 24, 18, 16, 21
14: 9, 5, 3, 19, 1
15: 19, 22, 3
16: 3, 2, 15
17: 19, 15, 5, 16, 15, 7, 19, 2
18: 4, 25, 21, 1, 19, 3, 10, 6
19: 8, 7, 23, 10, 11, 24, 9, 9
20: 17, 11, 9, 1, 25, 7, 7, 10
21: 16, 8, 12
22: 25, 8, 18, 24, 19, 1
23: 22, 9, 2, 7
24: 10, 6, 12, 8
25: 5, 6, 5