# Number of Floors, Capacity
67, 5
# Floor Requests
0: 51
1: 44, 22
2: 49, 4, 4, 3, 27
3: 7, 9
4: 12, 39
5: 30, 2
6: 12, 38, 35, 47
7: 11, 45, 11
8: 5, 16, 25
9: 20, 47, 44, 41
10: 19, 40, 50
11: 58
12: 1
13: 55, 44, 14
14: 23, 38, 60, 63, 55
15: 11
16: 1, 45, 3
17: 57
18: 34, 26
19: 26, 66, 27, 66
20: 1, 55
21: 61, 18, 21, 9, 17
22: 49, 17, 15, 52
23: 32, 66
24: 47, 18, 13, 19, 30
25: 20, 62, 12, 44, 23
26: 4, 28, 33, 19
27: 45, 17, 55
28: 65, 17, 64, 51
29: 43
30: 13, 47, 6, 52, 61
31: 58, 11, 43
32: 31, 9
33: 0, 32, 40, 18
34: 32, 42, 57, 30
35: 21, 15, 7, 22
36: 43, 6, 47, 61
37: 34, 21, 7
38: 43, 0, 16, 44, 42
39: 14, 52
40: 18, 57, 7
41: 44, 4, 60, 47, 61
42: 31
43: 37, 12
44: 35
45: 38, 4, 38, 24, 21
46: 34, 39, 14, 9, 58
47: 10, 60, 13, 5, 35
48: 38, 41, 59, 66
49: 25, 14, 1
50: 27, 57
51: 40, 29, 49, 9
52: 44, 45
53: 48, 0, 9
54: 29, 52, 52, 57
55: 53, 6
56: 31, 11, 48, 44
57: 46, 43, 20
58: 65, 22
59: 40, 47
60: 49
61: 42, 2, 54, 15
62: 37, 23, 0, 6
63: 27
64: 52
65: 2, 41, 53, 19, 11
66: 33, 10, 64