# Number of Floors, Capacity
66, 5
# Floor Requests
0: 28, 19
1: 58, 62, 0, 43, 3
2: 27, 47, 62, 5
3: 45, 0
4: 10, 42, 49
5: 7
6: 63, 65, 55, 28, 46
7: 14, 54, 0
8: 15, 48, 57
9: 28, 42, 8, 30, 38
10: 49
11: 37, 41, 38, 55
12: 28
13: 29, 48, 41, 16
14: 32, 19, 48, 10, 52
15: 32, 65, 33, 21, 53
16: 5, 41
17: 29, 64, 61
18: 1, 3, 17, 44, 14
19: 27, 17
20: 9, 10
21: 60, 46, 31, 31, 37
22: 18, 51, 58, 61
23: 32, 15
24: 34, 54, 55, 4
25: 43
26: 58, 1, 49, 55, 16
27: 33, 10, 27, 2, 36
28: 7
29: 34, 27, 42, 48
30: 50, 1, 57, 53, 64
31: 26, 25, 58, 58, 26
32: 21, 17, 56
33: 53, 16, 41, 5
34: 49, 28, 22, 32
35: 24, 12
36: 43, 51, 39
37: 15, 35, 63, 30, 35
38: 15, 2, 21, 29, 9
39: 22, 50, 35
40: 65
41: 37, 3
42: 56, 23, 27, 33
43: 25, 11, 9
44: 5
45: 34, 20
46: 22, 43, 53
47: 57, 26
48: 36, 32, 28, 18
49: 7, 44, 8
50: 41, 53, 18, 3
51: 6, 24, 35, 20
52: 32
53: 30, 57, 20
54: 40, 29
55: 19
56: 53, 51, 48, 39
57: 36, 62, 14, 12, 27
58: 23, 5
59: 25, 20, 11, 5, 57
60: 44, 20, 40
61: 56, 22, 29, 61
62: 14, 23, 16, 31
63: 9, 13, 19, 17
64: 36
65: 65, 0