# Number of Floors, Capacity
24, 8
# Floor Requests
0: 1, 10, 7, 12, 12, 7, 9
1: 19, 18, 11, 21
2: 5, 15, 19, 14, 0, 22, 0
3: 22, 9, 2, 0, 4
4: 6, 15, 17, 1
5: 9
6: 19, 10, 13, 16, 1
7: 9
8: 14, 22
9: 18, 8, 20, 17, 11, 0, 12
10: 15, 9, 19, 18, 5, 12
11: 10, 19
12: 11
13: 21, 7, 4, 21
14: 22, 10, 7, 3
15: 9
16: 12, 22, 0, 1, 0, 3
17: 8, 16, 12, 16, 6, 3, 23, 20
18: 16, 16, 21, 16, 10
19: 9, 20, 13, 14, 6, 2, 10, 3
20: 14, 18, 12, 16, 18
21: 13
22: 7, 16, 2, 20, 15, 18, 19
23: 19, 11, 2, 10, 17, 18, 16