# Number of Floors, Capacity
73, 5
# Floor Requests
0: 30, 69, 50, 8
1: 63
2: 53
3: 67, 60, 54, 0, 56
4: 21, 13, 44, 41
5: 61, 19, 45, 18, 13
6: 25, 0
7: 62, 2, 60, 22
8: 45, 16, 63, 7
9: 34, 48, 53, 47, 16
10: 51
11: 70
12: 39, 28, 46, 22
13: 29, 53, 55, 67
14: 12, 8
15: 22, 11, 9
16: 29, 42, 64, 71, 45
17: 7, 17, 18, 32
18: 46, 50
19: 49, 45, 30, 56
20: 42, 3, 4, 65, 37
21: 5, 3, 10, 26
22: 22
23: 0, 10, 31, 20, 50
24: 37, 34, 8, 9
25: 46, 19, 8, 71, 1
26: 53, 11, 64, 41
27: 70, 50
28: 28, 15, 61
29: 28, 72
30: 71, 43, 62
31: 42
32: 24, 47, 18, 49, 33
33: 11
34: 32, 68, 10, 69, 72
35: 71, 33, 50
36: 26, 37
37: 13, 38, 18, 67, 5
38: 39, 23, 51, 21, 26
39: 35, 1, 16
40: 69, 39, 40, 32
41: 65, 39
42: 31
43: 44, 20
44: 1, 12, 40, 4
45: 67, 9, 60
46: 70, 41, 53
47: 36, 69, 43, 28
48: 18, 17, 53, 47, 63
49: 69
50: 27
51: 50
52: 17, 67, 44, 27, 5
53: 71, 32, 53, 42, 45
54: 30, 39, 7, 27, 16
55: 72, 44
56: 39, 71, 43
57: 34, 7, 6
58: 1, 38, 6, 15, 31
59: 61
60: 67, 56, 53, 62, 57
61: 13, 64, 43, 58
62: 13
63: 47
64: 37, 25
65: 28, 71, 46, 61
66: 36
67: 43, 13, 11, 54
68: 66
69: 59, 3, 57, 29, 51
70: 19
71: 53, 10, 32, 59
72: 10, 32