# Number of Floors, Capacity
27, 8
# Floor Requests
0: 11, 15, 14, 26, 17, 15, 1
1: 26, 25, 5, 17, 7
2: 5, 12, 22, 25, 26
3: 6, 9, 7, 22, 18, 12
4: 1, 22, 2, 9
5: 1, 14, 20
6: 20, 21, 13, 10
7: 24, 13, 24, 22, 21, 18, 4, 20
8: 1, 9, 0, 6, 4, 17, 12, 16
9: 14, 17, 1, 17, 0, 15, 14
10: 17, 7, 2, 26
11: 18
12: 25, 4, 2, 26
13: 23, 20
14: 5, 26
15: 11, 25, 4, 10, 18, 3
16: 8
17: 9, 9, 6
18: 2
19: 16, 21, 21, 0
20: 26, 1, 5, 8
21: 0, 23, 20
22: 10, 13, 26, 11, 26, 20
23: 16, 17, 10
24: 23, 8, 5, 8, 15, 25, 7
25: 20, 21, 26
26: 22