# Number of Floors, Capacity
30, 8
# Floor Requests
0: 7, 6, 3, 6, 18
1: 5, 21, 10, 21, 0, 12, 15
2: 14, 13, 24, 15, 26, 0, 9, 1
3: 5, 27, 18, 22
4: 27, 10, 1, 6, 17, 15, 1
5: 24, 5, 24, 0, 27
6: 23, 11, 17, 25, 18, 0, 20
7: 4, 17, 20
8: 7, 12, 7, 25, 28, 6, 20, 24
9: 14, 23, 24, 1, 17, 1, 20
10: 16
11: 2, 23
12: 21, 24, 10, 11, 25, 9, 6, 4
13: 1, 15, 18, 8, 20, 6, 23
14: 24, 18, 0, 4, 20, 22, 14, 28
15: 12, 22, 4, 12, 12
16: 22, 16, 16, 25, 23, 20, 3, 18
17: 3, 8, 0
18: 4, 8
19: 6, 28, 12
20: 24
21: 6, 4, 6, 23, 15, 8, 10
22: 15, 23, 9, 0, 26
23: 23, 1, 20, 16
24: 1, 29, 12, 13, 9, 8
25: 23, 25, 21
26: 11, 19, 4
27: 13, 3, 19, 14
28: 6, 22, 19, 28
29: 14, 24