# Number of Floors, Capacity
41, 5
# Floor Requests
0: 4, 36, 15, 35
1: 4
2: 28, 8
3: 9, 1, 36, 24
4: 16, 23
5: 3
6: 26
7: 17, 25
8: 35
9: 23, 10, 2, 13, 3
10: 20, 22, 18, 30, 12
11: 22, 33
12: 33, 36, 24, 31
13: 26, 27, 34, 12, 6
14: 16, 4, 36, 33, 26
15: 16, 28
16: 28, 16, 16
17: 19
18: 9, 27, 11
19: 17, 21, 6, 7
20: 9, 19
21: 10, 9
22: 11
23: 40, 23, 20, 35, 5
24: 27, 14, 17, 30
25: 39, 29, 21, 2
26: 38, 9, 19
27: 24, 25
28: 15, 27, 28
29: 27
30: 17, 1, 22, 29
31: 15, 28, 1, 20, 37
32: 5, 5, 3, 23, 3
33: 29, 36, 33
34: 40, 28
35: 6, 36, 35
36: 19
37: 1, 38, 28, 35
38: 36, 23, 32, 32, 24
39: 10
40: 24, 24, 33, 32, 32