# Number of Floors, Capacity
74, 5
# Floor Requests
0: 65
1: 30, 27, 52
2: 5, 55, 19, 26, 2
3: 47
4: 67, 65, 41
5: 18
6: 27, 15, 26
7: 21, 65
8: 41
9: 12, 6
10: 69, 70, 21
11: 20, 66, 9, 26
12: 18, 8, 59, 23, 2
13: 5, 42, 43
14: 72, 45, 67
15: 3, 51, 50
16: 52, 67, 43, 21
17: 17, 43, 10
18: 13, 61, 58, 35, 42
19: 58, 30, 54, 46
20: 34, 25, 56, 69, 49
21: 55, 51, 51
22: 5, 16, 55, 69
23: 59, 59
24: 4, 42, 2
25: 4, 27, 37
26: 28, 61
27: 22, 26, 32
28: 0
29: 25, 44, 25
30: 1
31: 59, 66
32: 12
33: 33
34: 36, 37
35: 64
36: 2, 64, 30, 5
37: 22, 41, 40
38: 24, 22, 9, 54
39: 63, 21, 56
40: 29
41: 23, 35, 70, 62
42: 27, 46, 71
43: 50, 9, 40
44: 57
45: 40, 73, 43, 25
46: 13, 57, 22
47: 61, 32, 65, 63
48: 42, 63, 35
49: 62, 61, 33, 63
50: 72, 3, 57, 68, 35
51: 22, 41, 36, 19, 31
52: 57, 48, 54
53: 15, 69, 48, 22, 18
54: 7, 55, 67
55: 8, 66, 12, 73
56: 3, 64, 71, 59, 6
57: 42
58: 58, 43
59: 69, 69, 45
60: 59
61: 2, 16, 55, 6, 20
62: 46, 50
63: 71, 68, 31
64: 11
65: 65, 19, 30, 53, 13
66: 15, 36, 27, 51, 35
67: 52, 72, 45
68: 58, 16, 41, 5, 73
69: 60, 65, 60
70: 67, 12, 20
71: 28, 67, 52
72: 40, 71, 65, 0
73: 25, 58, 26, 7, 12