# Number of Floors, Capacity
39, 5
# Floor Requests
0: 7, 17, 3
1: 15, 33, 11
2: 2, 22, 4, 1, 22
3: 37, 26, 8
4: 0, 12, 20, 3, 24
5: 28
6: 9, 14, 16, 35, 15
7: 0, 0, 26, 1
8: 30, 38, 35, 31
9: 28
10: 38, 36, 9
11: 35, 35, 19, 28, 29
12: 34, 22, 25, 18, 33
13: 34, 32, 33
14: 11
15: 27, 3, 24
16: 7, 28
17: 30, 32, 25, 4, 21
18: 14, 36, 19
19: 33
20: 26, 37, 37, 12, 32
21: 13, 5, 25, 9
22: 12
23: 10, 15, 28
24: 6, 8, 32, 4
25: 15, 29
26: 5, 12, 31, 13, 12
27: 15, 2, 37
28: 15, 4, 1, 20, 21
29: 22, 24, 36, 10
30: 3, 6, 18, 5, 29
31: 10, 9, 16, 6, 1
32: 3
33: 32, 30, 31, 10
34: 31, 5, 11, 36, 10
35: 13, 8, 36, 26, 33
36: 18, 11, 19
37: 0
38: 31, 34, 12