# Number of Floors, Capacity
94, 5
# Floor Requests
0: 54
1: 38
2: 17, 21, 15
3: 68, 57, 5
4: 72, 44
5: 82, 36, 57
6: 21, 58, 48, 30, 68
7: 4, 93
8: 74, 77, 70, 72
9: 61, 31, 25, 58, 60
10: 13, 37
11: 3, 43, 9
12: 72
13: 67, 15, 71, 87, 51
14: 29, 54, 82, 8
15: 18, 63, 57, 90, 36
16: 64, 58, 32, 59
17: 43, 23, 8, 21
18: 25
19: 92, 34, 71
20: 31, 15, 21, 25, 53
21: 0, 18, 85, 39
22: 2, 88
23: 25, 78
24: 21, 8, 39, 64, 61
25: 40, 30, 68, 54, 33
26: 81, 50
27: 7, 2, 59, 41
28: 35, 82, 93, 60, 1
29: 11, 73, 71, 70, 75
30: 45, 55, 35, 93, 51
31: 83
32: 10
33: 66, 16, 69, 93, 55
34: 32, 59, 82
35: 76, 42, 41
36: 70, 84, 17, 82, 12
37: 1, 86, 45
38: 0, 49
39: 9
40: 89, 88
41: 81, 31, 6
42: 9, 64, 61, 54, 66
43: 62, 64, 11, 80, 52
44: 23, 20
45: 10, 47
46: 6, 7
47: 87, 36, 87, 34, 87
48: 76, 18, 52, 68
49: 67, 75, 55, 27, 47
50: 4, 57, 8
51: 2
52: 0, 60
53: 30, 65
54: 38, 57, 1
55: 24, 92, 24
56: 63, 76
57: 92, 65, 52, 75, 22
58: 89, 91, 87, 65
59: 68
60: 83, 25, 85, 68, 68
61: 59, 37
62: 19, 12, 75, 51
63: 66, 84, 14, 36
64: 48, 36, 59, 38
65: 21, 58, 82, 92, 14
66: 5, 55
67: 8, 5
68: 42, 89, 86
69: 93, 91
70: 87, 6
71: 41, 1, 21, 30, 64
72: 27, 2, 33, 7, 1
73: 28
74: 50, 5, 36, 57, 53
75: 14, 26, 89
76: 73, 72, 47, 46, 63
77: 19, 82
78: 2
79: 1, 16, 30, 19
80: 56, 7, 15
81: 15
82: 45
83: 26, 80, 28, 31
84: 10
85: 93, 44
86: 7, 44
87: 51, 43, 26, 28, 18
88: 60, 62, 82
89: 40, 89, 3
90: 10, 70, 34
91: 9, 52
92: 53, 36, 48, 26
93: 87, 10, 62, 65