# Number of Floors, Capacity
42, 5
# Floor Requests
0: 23, 11, 40, 1, 23
1: 12, 18
2: 39, 3, 21, 26, 8
3: 35, 19, 34
4: 22, 39, 24, 2
5: 39, 29
6: 33, 35, 2, 38
7: 20, 7, 15, 0, 25
8: 41, 1, 35, 19
9: 3, 22
10: 14, 6
11: 4, 10
12: 35, 7, 36
13: 25, 8, 3, 28, 10
14: 14
15: 25, 31, 15, 30, 40
16: 17, 33, 18, 35, 6
17: 22, 12, 9
18: 17, 27, 13
19: 33
20: 16, 31, 31, 7
21: 4, 27, 13, 30, 2
22: 25, 26, 0
23: 10, 9, 27
24: 18, 2, 14
25: 17
26: 26
27: 12, 12
28: 18, 20, 13, 35
29: 28, 36, 16, 21
30: 11, 35, 12
31: 20, 1, 31, 40
32: 38
33: 2, 34, 1, 27, 11
34: 14, 33, 29, 27, 35
35: 32
36: 27, 39
37: 22, 8, 5, 0
38: 11, 7, 29, 15
39: 0
40: 8, 38, 31
41: 9, 22