# Number of Floors, Capacity
28, 8
# Floor Requests
0: 0, 21, 9, 18, 4, 13, 19
1: 15
2: 12, 23, 9, 25, 19
3: 19
4: 9, 19
5: 16
6: 1, 17, 14, 22, 17
7: 17, 7, 24, 6, 6, 18, 4, 7
8: 14, 20
9: 7, 1, 14, 16
10: 7, 25, 12, 24, 18, 13
11: 5, 13
12: 23, 3, 18, 15, 10, 0, 23, 24
13: 3, 15
14: 2, 15
15: 5, 1, 13, 7, 6
16: 19, 12, 25, 17, 19, 0, 3
17: 6, 15, 13
18: 17, 13, 21, 21
19: 16, 17, 3, 11, 17
20: 21
21: 10, 21, 16, 7, 3, 20, 19
22: 9, 1
23: 4, 17, 19
24: 12, 11, 26, 15
25: 7
26: 2, 21, 13, 1
27: 0, 19, 18, 15