# Number of Floors, Capacity
87, 5
# Floor Requests
0: 41, 40, 20, 64, 37
1: 15, 13, 6, 77, 53
2: 75, 33, 18, 1, 19
3: 57, 55
4: 13
5: 44
6: 30
7: 23, 67, 65
8: 85, 24, 0
9: 63, 3, 44, 47
10: 15, 51
11: 62, 63, 52
12: 62, 32, 3, 56, 39
13: 1, 14
14: 77
15: 74, 34, 28, 16
16: 48, 30, 81
17: 82, 68, 13, 47
18: 86, 38, 48, 40
19: 28
20: 64
21: 16, 49, 10, 79, 86
22: 56
23: 37, 29, 3
24: 57, 86, 10, 36
25: 73, 13, 72
26: 13, 84
27: 35, 69, 80
28: 78, 14
29: 68, 7, 39
30: 53, 84
31: 33, 58
32: 24
33: 28, 32, 19, 75, 14
34: 54, 13, 30, 86
35: 78, 49, 77, 59
36: 8
37: 59, 1, 77, 48, 19
38: 11, 85, 20, 21
39: 73, 56
40: 70, 81, 75
41: 0, 41
42: 19
43: 56, 60
44: 63, 16
45: 1, 66, 81
46: 72, 48, 27, 21, 43
47: 80, 33, 18, 39, 67
48: 32, 47
49: 29, 21
50: 43, 53, 20, 74
51: 37, 21, 15, 39
52: 8, 6, 27
53: 76, 48, 53, 2, 22
54: 49, 17, 49
55: 28, 37, 64, 34
56: 64, 31, 67, 3, 2
57: 45
58: 23
59: 61
60: 60, 44
61: 26, 37, 83, 83
62: 20, 37
63: 79
64: 76
65: 40, 47, 18, 65, 8
66: 65, 56, 14
67: 74
68: 83, 22, 78
69: 83, 50, 62
70: 57, 3, 84, 18, 16
71: 12
72: 22, 17, 18
73: 73, 59, 55, 78
74: 54, 43, 35, 37, 37
75: 27, 5
76: 42, 51, 5, 29, 81
77: 43, 41, 72, 27, 12
78: 74, 48, 78
79: 24, 70, 49
80: 80
81: 30
82: 20, 78
83: 68, 54, 37, 69, 11
84: 65, 7, 13, 31
85: 42, 55, 28, 17
86: 46, 32, 68, 6