# Number of Floors, Capacity
42, 5
# Floor Requests
0: 34, 31, 22, 26, 8
1: 1
2: 13, 22, 19, 4
3: 40
4: 24, 35
5: 2, 16, 9
6: 4, 7, 9, 2, 28
7: 37, 40, 40
8: 20
9: 0, 41, 7
10: 7, 31
11: 37, 40, 25
12: 24
13: 37, 19, 38
14: 7, 5, 4, 36
15: 26, 13, 3
16: 35, 16, 7
17: 37, 30, 0, 15, 13
18: 18, 18, 10, 36
19: 34, 20, 27, 18
20: 9
21: 27, 22, 15, 0
22: 24, 10, 24, 13
23: 36
24: 1, 18, 13, 37, 38
25: 39, 29
26: 7, 21
27: 37, 39, 32, 29
28: 7, 34, 33
29: 13, 13, 7, 9
30: 33, 16, 40
31: 27
32: 18, 18, 36, 18, 6
33: 13, 21, 17
34: 11, 30, 35, 10, 2
35: 18, 11
36: 33
37: 27
38: 15
39: 16, 37, 18, 41, 35
40: 2, 7, 32, 28, 24
41: 9