# Number of Floors, Capacity
24, 8
# Floor Requests
0: 18, 23
1: 15, 20, 1, 15, 6, 15
2: 14, 13, 7, 2
3: 17, 5, 19, 20, 16, 20
4: 0, 14, 23, 11, 17, 22
5: 3, 21, 19
6: 10, 10, 22, 8, 11, 23, 15
7: 23, 11, 13, 11, 3, 12
8: 6, 4, 1
9: 23, 20, 8, 0, 22, 6, 9, 6
10: 10, 2, 23, 0, 12, 1
11: 8, 23, 10, 0, 2
12: 0, 21, 13, 2, 14
13: 7, 19, 22
14: 12, 22, 14, 2, 15, 6, 20
15: 18, 12, 22, 2, 23, 14
16: 13, 14, 12, 8, 3, 21, 8
17: 19, 5, 15, 7, 15, 0, 16
18: 20, 3
19: 10, 0, 20, 2, 14, 6, 6
20: 13, 23, 14
21: 16, 15, 4
22: 11, 2, 4, 1, 20, 2, 21
23: 1, 23, 19