# Number of Floors, Capacity
77, 5
# Floor Requests
0: 27, 20, 75, 56, 73
1: 76
2: 0, 27, 22, 16, 70
3: 45, 17, 9
4: 48, 38, 69, 62
5: 68, 0, 52, 17
6: 64, 19, 65, 25, 37
7: 60, 55, 36, 70, 70
8: 14, 20, 51, 22
9: 28, 15, 44, 72, 72
10: 31, 14, 58
11: 48
12: 22, 5, 38, 43, 47
13: 15, 20, 46
14: 4, 48, 5, 8, 73
15: 26, 64, 0, 41
16: 13, 9, 56, 59
17: 66, 34
18: 63, 50, 5, 8, 8
19: 24, 21, 6, 42
20: 46, 8, 43, 26
21: 67, 59, 64
22: 45, 26, 58, 56
23: 29, 44
24: 16, 31, 19, 58
25: 62, 12, 32, 13, 33
26: 73, 69, 56, 29, 71
27: 75
28: 21, 33, 59
29: 71, 12, 33, 2, 42
30: 61, 1, 44
31: 20
32: 42, 40, 43, 15, 17
33: 44, 36, 4, 38
34: 17, 11, 65
35: 61
36: 5, 74, 3, 51
37: 24, 48, 22, 74, 30
38: 76, 35
39: 34, 42, 45, 31
40: 60, 15, 59, 24, 69
41: 37, 26, 60, 25, 1
42: 68, 70
43: 4
44: 2, 22, 1
45: 53, 7, 71, 58
46: 18, 41, 57, 10, 7
47: 76, 22
48: 70, 62, 61, 5, 75
49: 54, 34, 31, 68, 3
50: 74
51: 31, 64, 62, 10, 70
52: 59, 46
53: 50, 29, 4, 19, 22
54: 76, 57, 58, 36
55: 67, 23, 74
56: 26, 7, 16
57: 64, 40
58: 25, 54, 24
59: 24, 27, 4, 37
60: 51, 1, 16, 55, 57
61: 14, 4, 37, 5
62: 72
63: 17, 31, 66
64: 32, 18, 71, 75, 1
65: 70, 47
66: 63, 73
67: 69, 17, 65, 0
68: 32, 75, 35
69: 42, 40, 3
70: 34, 47, 35, 10
71: 70, 30
72: 7, 7
73: 34, 7, 37
74: 75
75: 6, 52
76: 14, 56, 9