# Number of Floors, Capacity
87, 5
# Floor Requests
0: 28, 3, 47, 38
1: 15, 19, 41, 4
2: 21, 41, 29
3: 31, 37, 37
4: 41, 11, 59
5: 32, 85
6: 3, 84, 14, 75
7: 51
8: 45, 71, 22
9: 8, 50
10: 19, 17, 75
11: 78, 45, 57
12: 16
13: 75, 28, 42, 1
14: 30, 34, 22, 6
15: 52, 46, 7, 9, 82
16: 15, 49, 21, 76, 15
17: 61
18: 48, 34
19: 37, 9, 67, 40
20: 16
21: 37, 70, 32
22: 24, 55, 61, 53
23: 37, 57, 73
24: 33, 51, 40, 1
25: 4, 56, 0
26: 29, 5, 55, 66
27: 75, 29
28: 72, 18
29: 40, 35, 79
30: 42, 61, 13, 79, 15
31: 31, 44, 81, 13
32: 45
33: 45, 22, 23
34: 24
35: 57, 20, 4, 16
36: 17, 80, 36, 73
37: 1
38: 0, 16, 42, 74, 45
39: 13, 16, 26, 27
40: 29, 32, 80
41: 34, 22, 64
42: 23, 0
43: 20, 25, 18
44: 42, 68
45: 27, 36, 82, 2, 42
46: 43, 45, 81, 66
47: 1, 3, 7, 44
48: 64, 51
49: 46, 61, 64, 29
50: 53, 25, 55, 57
51: 65, 38
52: 75
53: 63
54: 66, 40
55: 69
56: 60, 59, 56, 60
57: 2, 80, 35, 7, 6
58: 56, 23, 74
59: 47, 5, 6, 68
60: 34, 46, 43
61: 51, 65, 8
62: 27, 65, 27, 35, 60
63: 23, 59, 11, 34
64: 28, 75, 29, 45, 24
65: 64, 86, 32, 55
66: 75
67: 53, 21, 49
68: 73
69: 36, 69, 69, 77, 32
70: 51, 11
71: 32, 63, 48
72: 27, 23, 37, 79
73: 50
74: 21, 63, 57, 20, 14
75: 55, 7, 64
76: 70, 42, 7, 14, 25
77: 48, 40, 2, 71
78: 57, 10, 45, 49
79: 56, 69, 25
80: 36, 69, 14, 11, 74
81: 31, 58, 41, 40, 17
82: 1, 43, 0
83: 72, 83, 12, 59, 63
84: 75, 84, 83
85: 63, 54, 26, 85
86: 85, 37, 26, 84