# Number of Floors, Capacity
30, 8
# Floor Requests
0: 21
1: 22, 14, 15, 27, 6, 12, 10, 23
2: 21, 23, 21, 23
3: 27, 22
4: 19
5: 4, 26
6: 25, 1, 22, 28
7: 12, 29, 29, 6, 5
8: 1, 26
9: 14, 12, 5
10: 8, 21, 29, 27, 6, 16, 21, 25
11: 22, 12, 28
12: 14, 1, 9, 14, 10, 14, 26, 27
13: 26, 10, 20, 23
14: 1, 19, 20, 5
15: 24, 23, 8
16: 12, 20, 5, 8, 15, 20
17: 21
18: 1, 10, 9, 9
19: 25
20: 3, 17, 0, 8, 15, 4, 27
21: 23, 23, 4, 11, 24, 9, 8, 29
22: 0
23: 4, 24, 26, 28, 9
24: 17, 5, 22, 13
25: 1
26: 29, 12
27: 21, 7
28: 20, 24, 18, 17, 17
29: 0, 23