# Number of Floors, Capacity
25, 8
# Floor Requests
0: 16, 9, 23, 21, 14, 7, 22, 10
1: 5, 21, 12, 22, 4, 13, 4
2: 9, 21, 15, 22, 0, 1
3: 21, 6, 13
4: 21, 22, 16, 17, 11, 10
5: 15, 23, 12, 24, 8, 0
6: 2, 14, 8, 8, 18, 5, 20
7: 8, 21, 14, 23, 3
8: 0, 17, 1, 2, 6, 16, 20
9: 6
10: 8, 5, 17, 19, 23
11: 0, 18
12: 8, 21, 0, 14
13: 11, 11, 3, 20, 22, 8
14: 6, 7, 2
15: 14, 22
16: 6, 10, 24, 17, 6, 2, 17, 23
17: 8, 24, 15, 19, 1, 21
18: 10, 24, 14
19: 12
20: 11, 24, 13, 17
21: 6, 1
22: 13
23: 22
24: 8, 6, 23, 18