# Number of Floors, Capacity
29, 8
# Floor Requests
0: 21, 19, 23
1: 23, 7, 26, 23
2: 7, 27, 21, 21, 28, 13, 22, 7
3: 13
4: 15
5: 20, 21, 21
6: 4, 2, 27, 5, 14, 3
7: 10, 12, 22, 9, 11, 23, 13
8: 20, 21, 25, 16, 25, 5
9: 18, 5, 13, 10
10: 14, 24, 20, 6, 19, 20, 26
11: 9, 18, 11
12: 3, 26, 0, 0, 27, 10
13: 6, 8, 4, 16, 14, 0, 11, 19
14: 18, 2, 5, 8, 19
15: 11, 3
16: 24, 3, 18, 1, 21, 25, 22, 21
17: 3, 8, 25, 9
18: 17, 16, 4
19: 8, 20, 15, 13, 2
20: 8, 18, 16, 6
21: 19, 27, 12, 14
22: 14, 6, 27, 17, 18
23: 14
24: 20
25: 27, 23, 19, 27, 14, 2
26: 12, 24, 16, 8, 18
27: 28, 9, 8, 18, 23, 0
28: 27, 16