# Number of Floors, Capacity
86, 5
# Floor Requests
0: 67, 67, 15, 18
1: 1, 35, 81, 3
2: 45, 49, 12, 15
3: 79, 64
4: 75
5: 74, 80
6: 28
7: 75, 44
8: 40
9: 78, 16, 34, 45, 79
10: 25, 54, 56
11: 28, 16, 43
12: 71, 39, 19, 7
13: 62
14: 18, 2, 65
15: 7, 33, 49
16: 51, 74, 18, 60, 15
17: 40, 32, 73
18: 38, 48, 84, 36, 19
19: 61, 60
20: 18
21: 67, 68, 61, 53
22: 4, 23, 61
23: 82
24: 0, 14, 48, 38
25: 41, 76
26: 58, 18, 58, 47, 24
27: 25, 85
28: 79, 17, 50, 81, 56
29: 16, 51, 30, 42, 46
30: 59, 45, 4, 35, 11
31: 18, 12, 54, 72, 74
32: 20, 78
33: 34
34: 26, 55, 11, 29, 83
35: 72, 20
36: 24, 31
37: 46, 79, 9, 20, 41
38: 22, 39, 15, 76
39: 69, 75
40: 54, 47, 8, 25, 8
41: 22, 78, 12, 83, 6
42: 71, 3, 0
43: 36, 75
44: 27, 8, 8
45: 74, 8, 83, 45
46: 55, 35, 42
47: 25, 45, 61, 60
48: 41, 20
49: 59, 60
50: 84
51: 10, 85, 1, 58
52: 70, 21, 41, 59, 60
53: 16, 37, 77, 60, 85
54: 18, 58, 5
55: 78, 80, 20, 42, 67
56: 0
57: 45, 74, 53, 6, 36
58: 42
59: 67, 55
60: 69, 62, 30, 14
61: 26, 76
62: 74, 40, 52, 51
63: 74, 23, 80, 1, 75
64: 23, 60, 26, 0
65: 80
66: 26, 48, 2, 49
67: 46, 53, 63, 74, 35
68: 3, 17, 82, 17
69: 54, 28, 82, 74
70: 49, 68, 3, 61, 76
71: 67, 61, 51
72: 72, 35, 61, 37, 28
73: 33, 71, 27, 32
74: 7, 49, 15
75: 42, 15, 77, 23
76: 14, 85
77: 18, 68
78: 26
79: 73, 56, 82
80: 38, 4, 7, 40, 81
81: 63, 32, 48
82: 47
83: 49
84: 70, 49, 51
85: 85, 17, 59, 27, 26