# Number of Floors, Capacity
30, 8
# Floor Requests
0: 1, 18, 2, 25
1: 8, 11, 5, 27, 24
2: 0, 1, 17, 12
3: 12, 23, 5, 26, 13, 4
4: 7, 8, 23, 20, 6, 26, 10, 21
5: 18
6: 9, 3, 21, 29, 28, 8, 25
7: 9, 6, 1, 8, 14
8: 10
9: 0, 23
10: 16, 7
11: 3, 23, 15
12: 21, 19, 17, 13, 24
13: 27, 7
14: 22, 17, 5, 13, 2, 25, 8
15: 9, 9, 22, 13, 9, 8
16: 27, 15, 14
17: 14
18: 27
19: 18, 27
20: 1, 13, 0, 5, 21, 25
21: 24, 28
22: 23
23: 15, 12, 17, 18, 13, 3
24: 2, 2, 23, 7, 1, 13
25: 22, 29, 1, 23
26: 22, 14, 11, 22, 0, 15, 6, 5
27: 14, 15, 24
28: 7, 0, 4, 10
29: 8, 18, 16, 8, 14, 4, 14, 13