# Number of Floors, Capacity
79, 5
# Floor Requests
0: 50
1: 8, 7, 0, 24, 42
2: 62, 63, 27, 10, 44
3: 18
4: 46, 8, 26, 47, 56
5: 55
6: 37, 30, 8, 60, 78
7: 40, 20, 51, 25, 33
8: 5
9: 27
10: 16
11: 63, 30, 41, 2, 48
12: 0, 22
13: 47, 10, 39
14: 39, 52, 44, 42, 46
15: 47, 34, 37, 8, 19
16: 77, 68, 52, 48
17: 23, 58
18: 28
19: 42, 16, 54
20: 21, 1, 11
21: 20, 34, 65, 14
22: 38, 68
23: 36, 5, 2
24: 71, 51, 61
25: 54, 66, 0, 58, 27
26: 64, 72, 50
27: 17, 53
28: 41, 68, 48
29: 13, 8, 66, 1
30: 24
31: 63
32: 76, 40, 59, 14, 59
33: 29, 60, 20
34: 37, 52, 34
35: 24, 45, 75, 61, 31
36: 36, 47
37: 57
38: 41, 78
39: 2, 36, 46, 59, 45
40: 57, 59, 39
41: 17, 56, 17
42: 15
43: 17, 27, 19, 74
44: 35, 67, 60, 56
45: 52, 14, 44, 18, 14
46: 66, 19
47: 71, 44, 30, 65
48: 4, 75
49: 28, 57, 70, 40, 23
50: 61
51: 9, 48, 75
52: 35, 78, 9, 27, 4
53: 7
54: 32, 49
55: 27
56: 4
57: 17, 16, 57, 12
58: 75, 49, 34, 28
59: 25
60: 48, 63, 45, 54, 28
61: 73, 74, 62, 37
62: 36
63: 19, 27, 2, 48, 28
64: 74, 29, 39, 57, 61
65: 18, 44, 32, 1, 10
66: 18, 19, 38
67: 66, 11, 22, 17, 35
68: 2
69: 46, 18, 71
70: 2, 7, 58, 48, 22
71: 39, 44, 13
72: 27, 56, 53
73: 55, 42, 14, 6
74: 52, 8, 36, 31
75: 33, 57
76: 55, 75, 6
77: 77
78: 27, 1, 67