# Number of Floors, Capacity
99, 5
# Floor Requests
0: 62, 6
1: 96, 84, 48, 42
2: 53, 68
3: 75, 68, 7
4: 21, 85, 87, 60
5: 13, 15, 2, 95
6: 45, 91, 11
7: 18, 32, 91
8: 87, 15, 9
9: 85, 78, 6
10: 48, 73
11: 3, 35, 61, 92, 56
12: 13
13: 12
14: 28, 85, 73
15: 43, 48, 83, 92
16: 44, 62, 50, 63, 62
17: 57, 26, 85, 19
18: 3, 86, 4, 77
19: 90, 31, 19, 40, 94
20: 15, 48, 72, 35
21: 85
22: 86, 96, 84
23: 55, 32
24: 89, 49, 93, 40, 36
25: 45, 54, 59
26: 81, 34, 79, 34, 59
27: 4
28: 39, 43, 10, 74, 2
29: 64, 12, 69, 86, 74
30: 63, 84, 4, 86
31: 6
32: 49, 48
33: 88, 45
34: 48, 74, 7, 9, 38
35: 85
36: 28, 86, 79
37: 91, 72, 0, 32, 6
38: 44
39: 58, 56, 0, 35, 0
40: 23
41: 89
42: 60, 1, 57
43: 89, 56, 64, 48
44: 73, 65
45: 14, 7, 82, 23
46: 59, 35
47: 71, 57, 24, 69
48: 95
49: 74, 27, 27, 61
50: 88
51: 13, 77, 13, 84, 57
52: 96, 2
53: 97, 10, 92, 25, 77
54: 63
55: 87, 28, 15
56: 61, 75, 54
57: 45
58: 20, 40
59: 48, 92, 58, 49
60: 52
61: 82, 50
62: 93
63: 74
64: 15, 81, 2, 97, 43
65: 78
66: 83, 56, 53, 28
67: 45, 79
68: 7, 94, 97, 54, 98
69: 31, 35
70: 68, 15, 97, 32, 17
71: 69
72: 87
73: 6, 68, 72
74: 27, 59, 86, 63
75: 86
76: 72
77: 59
78: 46, 90, 22, 34
79: 19, 98, 81, 56
80: 60, 2, 51, 49, 90
81: 39, 96, 46, 26, 24
82: 56, 25, 85, 17, 38
83: 21, 55, 50, 21, 36
84: 43, 73, 47, 83, 67
85: 5, 21, 70
86: 25
87: 39, 17
88: 68, 45, 28
89: 91, 36, 96, 41
90: 68
91: 84, 26, 46, 5
92: 44, 54
93: 26, 3, 86, 71
94: 56, 51
95: 78
96: 42, 40, 3, 10
97: 48, 92
98: 74, 5