# Number of Floors, Capacity
70, 5
# Floor Requests
0: 26, 15, 51, 36, 68
1: 45, 39, 66, 34, 29
2: 5
3: 8, 30, 48, 49, 42
4: 13, 42, 56
5: 68, 67, 65
6: 39, 53, 32, 32, 5
7: 67
8: 53, 50, 45, 42, 33
9: 67
10: 16, 52, 52
11: 69
12: 26, 41, 7, 24
13: 58
14: 23, 34
15: 60, 62, 48, 22
16: 35
17: 3
18: 1, 16, 54, 42, 46
19: 36, 19, 44
20: 44, 7, 46
21: 4, 43
22: 19, 62, 10, 25
23: 34
24: 7, 66, 47
25: 66, 7, 48, 36, 19
26: 40
27: 0, 28, 30
28: 16
29: 57, 68, 15
30: 37, 29, 32, 66
31: 35
32: 21
33: 68
34: 26, 45, 18
35: 29, 2, 21, 8
36: 53, 32
37: 21, 13, 36
38: 30, 27, 3
39: 37, 15, 17, 38
40: 17, 54, 7, 32, 64
41: 48, 19, 43
42: 31, 5, 2, 40, 13
43: 61, 57
44: 40, 35, 31
45: 52, 24
46: 39, 14, 49, 1
47: 24, 6, 59, 54
48: 34, 3, 6, 49
49: 13, 19, 3, 16
50: 23, 48, 4
51: 41, 10, 3
52: 69, 18, 15, 30, 12
53: 45, 37, 63, 13
54: 45
55: 28, 43, 4, 32, 33
56: 11, 33, 54, 50
57: 31
58: 6, 4, 43, 46
59: 16, 67, 38, 51
60: 15, 57, 18
61: 26, 22, 37, 28, 1
62: 46, 47, 56, 43
63: 34, 25, 41, 58
64: 17, 9, 45, 20
65: 50, 21
66: 49, 31
67: 50, 57, 5
68: 62
69: 17, 63, 44