# Number of Floors, Capacity
26, 8
# Floor Requests
0: 18, 17, 2, 12
1: 16, 11, 4, 24, 3, 4, 12, 0
2: 13, 3, 8
3: 5, 25, 12, 5
4: 12, 1
5: 2, 19, 0, 17, 1
6: 8, 21
7: 13, 22, 23, 24, 4
8: 9, 15, 1
9: 24, 15, 10, 14, 11
10: 3, 8, 14, 24, 25, 20, 22, 16
11: 9, 14, 16, 12, 10, 6, 23, 20
12: 17
13: 15, 4, 12, 3, 5, 8
14: 16, 17, 16, 16
15: 20, 12, 3, 9, 20
16: 18, 9, 6, 21, 15, 13
17: 25, 16
18: 22, 2, 13, 5, 6, 15, 1
19: 7, 12, 20, 5, 17, 23
20: 7, 15
21: 2, 9
22: 12
23: 18, 8, 3, 12, 21, 25, 20
24: 14, 8, 13
25: 10, 1, 0, 19, 7, 8, 15, 19