# Number of Floors, Capacity
85, 5
# Floor Requests
0: 58, 54, 53, 12, 31
1: 31
2: 45
3: 21, 6, 77, 60, 39
4: 82
5: 28, 46, 24, 39
6: 75, 35, 14, 78
7: 75
8: 72, 56, 3, 62, 70
9: 42
10: 15, 4, 34
11: 51, 62, 34, 67
12: 45, 23, 7, 41, 79
13: 13, 42, 74, 59
14: 0, 16, 27, 46, 61
15: 7, 24, 10, 64
16: 8, 28, 52, 43, 42
17: 5, 17, 31
18: 37
19: 3
20: 36, 52, 14, 21, 53
21: 34
22: 8, 71
23: 19
24: 52, 29, 24
25: 12, 65, 56
26: 79, 33, 49, 5, 8
27: 9, 11, 60
28: 18, 0, 4, 76
29: 12, 46, 26, 39
30: 71
31: 53, 73, 28
32: 47, 43, 1, 48
33: 56, 75, 72, 41, 8
34: 67, 82, 21
35: 21
36: 57
37: 50, 58
38: 64
39: 40, 39, 34, 50, 18
40: 43, 33, 22
41: 65, 67
42: 63, 18
43: 37, 69, 5, 75
44: 6, 64, 14
45: 75, 55
46: 71, 80, 71, 3, 47
47: 46, 36
48: 11, 50
49: 7, 58, 70, 16, 19
50: 78, 47, 30, 16, 38
51: 58
52: 43, 35, 15, 39, 43
53: 76, 22, 4, 63, 28
54: 10, 18
55: 8, 34, 12
56: 29, 83, 62
57: 46
58: 59, 32, 73, 80, 0
59: 11, 30, 52, 6
60: 73, 81
61: 12, 40
62: 61
63: 23, 64, 54, 9
64: 15, 64
65: 81, 22, 64, 12
66: 72, 55, 41, 82
67: 65, 28
68: 12
69: 11
70: 17
71: 67, 56
72: 54, 29, 81
73: 51, 65, 14, 31
74: 14, 5
75: 25, 70, 53, 74
76: 18, 23, 74, 55
77: 61
78: 65, 55, 72
79: 82, 1, 70, 41, 30
80: 62, 1, 45, 57
81: 37, 54, 31, 41
82: 62, 77, 69, 76, 55
83: 74, 10, 5, 80
84: 6