# Number of Floors, Capacity
26, 8
# Floor Requests
0: 6
1: 23
2: 15, 24
3: 5, 17, 20, 13, 2, 12
4: 3
5: 16, 15, 3, 4, 19, 11, 4, 1
6: 23, 15, 1, 11, 8, 25, 15
7: 9, 23, 8, 12, 11, 21
8: 4, 14, 5, 1, 24, 20, 11, 1
9: 6, 15
10: 12, 23, 13, 16, 4, 2, 6
11: 21, 12, 4, 25
12: 14, 0, 7, 16, 17
13: 25, 22, 3, 8, 1, 20, 1, 15
14: 7, 22, 25, 1, 24, 4
15: 7, 24, 0, 25, 9, 3
16: 0, 10, 4, 21
17: 21, 10, 13, 25, 9, 1, 4, 6
18: 2, 17, 17, 12, 15, 4
19: 9, 2, 24, 16, 21, 16
20: 12, 21, 16, 10
21: 23, 10
22: 21
23: 20, 17
24: 16, 22, 4, 16, 4
25: 6, 1