# Number of Floors, Capacity
23, 8
# Floor Requests
0: 9
1: 19, 14, 22, 15, 0, 7, 5, 7
2: 2, 13
3: 11, 10, 19, 6, 2, 2, 3, 7
4: 16, 22, 18, 12, 22, 1
5: 17, 16, 14
6: 8, 22, 20, 8, 0, 14, 22
7: 0, 3, 19, 18, 6, 7
8: 2, 2, 1, 19, 10, 13, 6
9: 5, 2, 18, 12, 15, 5, 8, 8
10: 7, 1, 1, 18, 19, 8
11: 1, 7, 2, 2, 8, 12, 10, 13
12: 20, 8
13: 16, 13
14: 3
15: 20, 15, 16
16: 4, 18, 4, 12, 3, 14
17: 12, 6, 6, 1, 9, 21, 16
18: 13
19: 13, 22, 4, 3, 8
20: 10, 9, 14, 9, 22, 9
21: 11, 15, 11
22: 13, 15, 20, 11, 6, 12, 18