# Number of Floors, Capacity
24, 8
# Floor Requests
0: 18, 11, 20, 22, 16, 22, 6
1: 8, 13, 4, 13
2: 16, 9, 23, 5, 7, 17
3: 2, 17, 14, 0, 18, 4, 14, 12
4: 3, 16, 20
5: 12, 1, 10, 9, 16
6: 3, 10, 9, 8, 14, 13
7: 5, 20, 18, 0, 19, 0, 4
8: 4
9: 15, 4, 12
10: 21, 18, 17, 6
11: 4, 12, 0, 6
12: 2, 20, 23, 4, 9, 1, 9
13: 19, 19, 22, 1, 6, 23
14: 9, 6, 17, 7, 16
15: 11, 22, 16, 19, 22, 4, 11, 21
16: 1, 4, 19, 4
17: 7
18: 14, 2, 16
19: 7, 15, 4, 13
20: 10, 12, 1, 11, 1
21: 16, 3, 13, 8, 3
22: 10, 5, 11, 9, 11, 4, 20, 20
23: 6, 0, 20, 8, 10, 2, 20