# Number of Floors, Capacity
30, 8
# Floor Requests
0: 10, 9, 7, 10, 16, 23
1: 15
2: 3, 28, 1, 18, 22, 4, 28, 20
3: 16, 29, 20, 23, 10, 2, 21
4: 2, 4
5: 6, 16, 4, 24, 11
6: 4, 12, 11, 7
7: 15, 16
8: 14, 20, 3
9: 11, 26, 13, 3, 27, 13, 26, 7
10: 21, 1, 27, 7, 17, 24
11: 8, 3
12: 27, 19, 23, 17
13: 21, 22, 15, 16, 12
14: 6, 12
15: 24
16: 27, 26, 26, 21, 23
17: 3, 22, 9, 17, 10, 3
18: 27, 28, 22, 4, 11, 24, 28
19: 27
20: 17, 18, 6
21: 8, 12, 27, 13, 4, 9
22: 25, 0, 24, 0
23: 4, 9
24: 22, 4, 12, 19, 24
25: 6, 24, 26, 20, 29
26: 21, 5, 26, 19, 0, 7, 4, 11
27: 29
28: 2, 18, 21, 21, 23, 25, 10
29: 27, 7, 0, 2, 15, 27, 25, 17