# Number of Floors, Capacity
46, 5
# Floor Requests
0: 44, 27, 27
1: 33, 23, 32
2: 8, 0
3: 16, 31, 18
4: 36, 34, 22, 44
5: 34, 6
6: 40, 1, 15, 26, 7
7: 18, 42, 38, 27
8: 35, 32
9: 25
10: 34, 23, 26
11: 19
12: 20, 1, 20
13: 1, 3, 15
14: 39, 21, 33, 16, 14
15: 27, 10, 7, 38, 38
16: 13, 26, 18, 11
17: 19, 14
18: 37, 0
19: 26
20: 24, 40
21: 25, 13
22: 0, 40, 28, 24
23: 33, 38, 24
24: 24
25: 30, 1, 44, 36, 8
26: 25, 30
27: 37, 8, 8
28: 1
29: 30, 19
30: 27
31: 15, 40, 28, 36
32: 38, 23, 24
33: 4, 19, 19, 13, 1
34: 44, 45, 25, 25, 3
35: 24, 43, 23, 24, 33
36: 30, 33, 3
37: 43, 8
38: 23, 43, 40, 16, 12
39: 20
40: 43, 1, 36, 39, 37
41: 14, 33, 30, 0, 42
42: 14
43: 43, 31, 10, 2
44: 45, 31, 37, 39, 19
45: 28, 5, 10, 30