# Number of Floors, Capacity
99, 5
# Floor Requests
0: 57, 2, 42, 76
1: 36, 42, 36
2: 85, 53, 10, 34, 95
3: 11, 12, 22, 84, 25
4: 30, 18
5: 73
6: 91, 89
7: 72, 26, 78, 24
8: 6
9: 8, 44
10: 29, 30, 42, 39
11: 90, 61, 42
12: 17
13: 57, 39
14: 52, 9
15: 52, 81
16: 50, 28, 29, 80, 54
17: 2, 76, 56
18: 78, 70, 70, 79
19: 34, 32, 37
20: 62, 81, 53, 67
21: 96, 31, 10
22: 85, 10, 13, 82, 55
23: 44, 2
24: 12, 24
25: 34, 97, 43
26: 12, 26, 0
27: 58, 58, 57, 35, 73
28: 61, 31, 28
29: 64, 77, 39, 58, 77
30: 37, 83, 7
31: 19, 60, 74, 46
32: 35, 6, 68, 20, 86
33: 34, 14
34: 47, 71, 97
35: 15, 57, 89, 93, 90
36: 24, 58, 28
37: 0, 12, 35, 3, 14
38: 71, 50
39: 68, 39, 95, 47
40: 63
41: 20, 64, 30, 11
42: 50, 38, 45, 85
43: 16, 11, 25, 83
44: 45
45: 11, 30, 94, 27, 70
46: 80, 36, 3, 62
47: 76, 57
48: 25
49: 55
50: 39, 18
51: 44, 24, 22
52: 14
53: 50, 89
54: 98, 67, 13, 73
55: 12
56: 56, 34, 19, 42
57: 48, 28, 66, 27
58: 88, 25
59: 35, 96, 81, 19, 17
60: 97
61: 32, 94
62: 79, 49, 74, 5, 65
63: 80, 55, 18
64: 82, 73, 57
65: 73, 51, 52, 63
66: 82
67: 22, 0, 6, 36
68: 1, 80
69: 25, 66
70: 93
71: 6
72: 68
73: 65, 56, 60, 74, 97
74: 20, 75
75: 15, 3
76: 98
77: 22, 52, 25, 13, 23
78: 29, 5, 65, 38
79: 96, 92, 17, 21, 38
80: 11, 1, 37, 19
81: 85, 0, 97, 14
82: 98, 82, 56, 38, 74
83: 82, 94, 92, 9
84: 54, 55
85: 87, 40, 57, 96
86: 20, 63
87: 71, 70
88: 88, 56
89: 61, 93
90: 96, 92, 39, 23, 95
91: 11, 25, 22, 92
92: 90, 63, 3, 24
93: 81, 63
94: 67, 85, 36, 62, 13
95: 61, 92, 92
96: 48
97: 58, 95
98: 87, 33, 40, 0, 80