# Number of Floors, Capacity
26, 8
# Floor Requests
0: 24, 15, 21, 24
1: 4, 15, 25, 22
2: 10, 4, 25, 4, 22, 23, 13, 4
3: 1, 3, 20
4: 1
5: 25, 24, 4
6: 3, 20, 2, 17, 2, 18, 17
7: 24, 17
8: 22, 7, 0, 4, 24, 24, 0, 16
9: 8, 23, 24, 16
10: 22, 1, 22, 16, 9, 16, 12, 2
11: 21, 21
12: 25, 11, 7, 14
13: 10, 2
14: 3, 17
15: 23, 21, 5, 21, 15, 1, 11
16: 19, 4, 1, 8, 2, 17, 13
17: 21, 14
18: 16, 10, 23, 1, 6, 15
19: 21
20: 17, 23, 25, 2, 3, 22
21: 6, 1, 13, 0, 6, 1, 11
22: 8, 3, 7, 2, 14, 24, 19
23: 11, 18
24: 25, 1, 18, 25, 25, 19, 21, 23
25: 16