# Number of Floors, Capacity
77, 5
# Floor Requests
0: 28, 16, 19
1: 61, 75, 54, 14
2: 56, 53, 33, 35, 8
3: 2, 74, 65
4: 10
5: 38, 10, 34, 56, 31
6: 26, 76, 42, 48
7: 13, 8, 25, 3
8: 30, 66
9: 33, 49, 17
10: 57, 74, 75, 50, 67
11: 0, 32, 44, 56, 27
12: 67, 37
13: 59
14: 34, 19, 49
15: 20, 27, 59
16: 13, 66, 64, 66
17: 65, 56
18: 71, 30
19: 62
20: 43, 53
21: 76, 17, 37
22: 67, 69
23: 26, 33, 70, 46
24: 75, 15
25: 50, 70
26: 71, 38, 46
27: 24, 32, 5
28: 53, 56, 0
29: 66, 12, 9
30: 17, 41, 1, 43, 22
31: 0, 54
32: 53, 47, 46
33: 26
34: 18, 11, 3, 3, 52
35: 6
36: 19
37: 70, 50, 8, 16
38: 29, 69, 67, 44, 18
39: 59, 34
40: 63, 18
41: 50
42: 48, 41, 15, 57, 60
43: 24, 64
44: 24
45: 6, 14, 46, 61, 15
46: 25, 55, 68, 7
47: 73, 60, 13, 39
48: 44, 27
49: 32, 36, 31, 50
50: 72, 21, 64, 2
51: 71, 28
52: 7, 30, 66
53: 27, 43, 71, 67, 9
54: 0, 73, 28, 30
55: 49, 4, 45
56: 11, 51, 12, 58
57: 54
58: 73, 21, 0, 35, 60
59: 63, 55, 0, 73
60: 31, 19, 69, 59
61: 58, 26, 65
62: 61, 34, 45
63: 4, 13, 59, 19
64: 10, 5
65: 36, 67, 2, 75
66: 28, 23
67: 73, 67, 35, 71
68: 29
69: 38
70: 47, 66, 53, 26
71: 28, 65
72: 33, 56, 7, 46, 23
73: 32, 41
74: 36, 6, 68, 57, 60
75: 36, 20
76: 58, 2, 0, 39