# Number of Floors, Capacity
70, 5
# Floor Requests
0: 3, 40, 57, 64, 68
1: 26
2: 0, 40, 42, 35
3: 15, 41
4: 40, 18
5: 13, 67, 63, 0
6: 5, 44
7: 22, 11
8: 1, 18
9: 4
10: 59, 38
11: 56, 20, 11, 57, 45
12: 47
13: 20, 40, 32
14: 37, 62
15: 22, 38
16: 34
17: 60, 36, 13, 11
18: 1, 68
19: 51, 4
20: 30
21: 25, 18, 20
22: 28, 0, 47
23: 57, 55, 27
24: 6, 56
25: 19, 53, 7, 5
26: 47
27: 59, 59, 23
28: 33, 58, 26, 24, 59
29: 0, 38, 44
30: 57, 8, 3
31: 65
32: 10, 48
33: 52
34: 20
35: 9
36: 28, 6, 67
37: 6, 8, 43, 69, 65
38: 39
39: 65, 0, 12
40: 12, 66, 65, 44
41: 34
42: 57, 49, 18
43: 31, 40, 33, 44
44: 49, 6
45: 11, 24, 41
46: 20, 42, 46
47: 17, 48, 60
48: 20, 65, 19, 45
49: 10, 37, 0, 43, 34
50: 8
51: 41, 39, 13, 29, 62
52: 68, 18, 5, 41
53: 39, 47, 42
54: 20
55: 26
56: 52, 62, 16, 0
57: 56, 28, 8, 59, 31
58: 61, 32
59: 31, 52, 54, 56, 54
60: 0, 52, 68
61: 48, 35, 64, 31
62: 16, 6
63: 22, 35, 65
64: 21, 38, 3, 58
65: 62, 51, 3, 17
66: 7, 27, 13, 51
67: 18, 44, 9
68: 56, 39
69: 14, 9, 63