# Number of Floors, Capacity
89, 5
# Floor Requests
0: 3
1: 27, 48, 67
2: 68, 60, 82
3: 0, 8
4: 46, 73, 80, 67
5: 64, 22, 43, 1, 76
6: 83, 74, 2, 65
7: 80
8: 19, 76, 9
9: 22
10: 58, 45, 4, 74
11: 53
12: 64, 52, 24
13: 44
14: 70, 42, 87, 21, 73
15: 48
16: 33, 44, 56
17: 39, 61, 17
18: 33, 50, 78
19: 87, 24, 37
20: 55, 34, 54, 1
21: 32, 66, 15, 74, 10
22: 36, 7
23: 47, 42, 33, 49
24: 0, 42, 75, 53
25: 10, 50, 13, 17
26: 13, 28, 3
27: 65
28: 15
29: 30
30: 42, 26
31: 31, 71, 47
32: 71, 56, 0, 44
33: 71, 1, 20
34: 70, 87
35: 39, 19, 53, 5, 29
36: 82
37: 54, 2
38: 52, 61
39: 56, 55, 54, 50
40: 36, 13, 83, 81
41: 69, 1, 45, 7
42: 47, 35, 85, 23, 57
43: 21, 88, 83, 76, 85
44: 57
45: 0, 78
46: 79, 70, 77, 50
47: 57, 75, 67, 1, 77
48: 31, 46, 37, 6, 0
49: 25, 7, 66
50: 52, 23, 30
51: 12, 75, 5, 54, 1
52: 67, 23, 59, 30
53: 59, 18
54: 68, 69, 31, 29
55: 83, 32
56: 44, 10, 57
57: 64, 49, 25
58: 68, 81, 69, 48, 71
59: 22
60: 8, 61, 87, 66
61: 46, 18
62: 71, 46, 68, 31, 1
63: 41, 42, 53, 26, 33
64: 59, 31, 46, 77, 49
65: 11, 36, 32
66: 24, 28
67: 64, 31
68: 7, 56, 10, 33, 58
69: 85, 13, 24, 1, 35
70: 54, 65, 12, 74
71: 22, 72, 67, 26
72: 53, 4, 68, 43, 78
73: 75, 2
74: 63, 73
75: 82, 9, 80, 58, 73
76: 88, 81, 48, 23
77: 0, 62
78: 9, 55
79: 61, 42, 35
80: 55, 10, 34
81: 64, 79
82: 72
83: 22, 35, 60, 49
84: 68, 40, 5, 31, 44
85: 31, 47
86: 70, 1, 68, 88
87: 24, 26
88: 79, 49, 53