# Number of Floors, Capacity
22, 8
# Floor Requests
0: 2, 11, 21, 4, 8, 19, 21, 19
1: 14, 1
2: 3, 2, 6, 2, 10, 19, 14, 10
3: 11, 11, 14, 20, 9
4: 16, 5, 18, 11, 20, 21, 14
5: 16, 9, 4, 17, 7, 3, 2
6: 4, 13
7: 14
8: 20, 3, 4, 21
9: 0, 0, 17, 1, 16, 14, 13, 15
10: 16, 13
11: 8, 12, 20, 4, 1, 0, 7
12: 14, 3, 3, 17, 11, 18, 18, 16
13: 18, 18, 15, 13, 0, 15
14: 14, 10, 16, 6, 17, 14, 0, 5
15: 20, 12, 4, 1, 15, 4, 3
16: 10, 19, 10
17: 17, 21
18: 5, 1, 1, 20, 17, 15
19: 11, 5, 15, 13, 8, 2, 0
20: 11
21: 17, 20, 13, 0, 11