# Number of Floors, Capacity
93, 5
# Floor Requests
0: 42, 20, 29, 51, 90
1: 55, 78, 74, 59, 9
2: 10
3: 73, 32
4: 55
5: 24, 1, 87, 17, 82
6: 72, 51, 71
7: 50, 23, 27
8: 71
9: 76, 1
10: 13, 69, 88, 10
11: 11, 45
12: 92, 8, 21, 74
13: 62, 50, 20, 81
14: 68
15: 83, 69, 59
16: 63, 10
17: 85, 1, 19, 83, 84
18: 19
19: 51, 82
20: 71, 77, 11, 19, 60
21: 39, 70, 86
22: 10, 53, 54
23: 32, 6, 33, 71
24: 86, 35, 71, 10
25: 19, 47
26: 12, 23
27: 42, 38, 56, 35, 11
28: 4, 91, 26
29: 19
30: 62, 86
31: 69, 4, 82
32: 38, 33
33: 23, 17
34: 3, 88
35: 39, 77, 87, 61, 48
36: 7, 71
37: 4
38: 42, 22, 40
39: 85, 80, 42, 46, 78
40: 92, 46, 43
41: 12, 72, 83, 56
42: 45
43: 36
44: 74, 89, 77
45: 0
46: 39, 23, 11, 12
47: 9, 40, 22
48: 22, 14, 41, 36, 62
49: 85
50: 38, 81
51: 85, 84, 15, 33, 67
52: 2, 44, 16, 1, 35
53: 72, 35
54: 20, 33
55: 80, 60, 64, 50, 60
56: 70, 53, 15, 28, 33
57: 51, 21, 50, 65
58: 41
59: 90, 36
60: 56
61: 80, 52, 30
62: 27, 26
63: 19, 43, 1
64: 67, 32
65: 45
66: 5, 4, 88
67: 37, 64, 58
68: 76, 48, 13, 73, 78
69: 65, 1, 5
70: 47, 24, 36, 72, 85
71: 91, 56, 2, 64, 76
72: 70, 16
73: 18, 5, 0, 77, 73
74: 92, 66, 89, 55
75: 32, 21, 78, 35, 68
76: 0, 37, 72, 88
77: 90, 10, 44, 29, 69
78: 29
79: 90, 31, 33, 69, 2
80: 14, 88, 82
81: 20
82: 0
83: 42
84: 56, 57, 84, 27
85: 92, 23
86: 84
87: 80, 57
88: 18
89: 14, 1
90: 16, 0, 23, 66
91: 70, 59
92: 31