# Number of Floors, Capacity
27, 8
# Floor Requests
0: 2, 26, 5, 7, 0, 2, 19, 16
1: 15, 2, 19, 25, 15, 2, 8
2: 11, 11, 23
3: 0, 7
4: 13, 3, 15
5: 0, 6, 16, 15, 24, 7, 14, 22
6: 4
7: 21, 10, 26, 7, 23
8: 9, 1, 0, 13, 24, 21, 11
9: 21, 8, 7, 8, 12, 20, 18
10: 2, 9, 9, 24, 6
11: 13, 16, 3, 16
12: 20
13: 0
14: 3
15: 21, 26, 11, 11, 11, 19
16: 3
17: 12, 12, 11
18: 25, 16
19: 2, 26, 21, 16, 9, 23, 9, 6
20: 24, 4, 7
21: 12, 23, 18, 17
22: 3
23: 4
24: 13, 25, 14, 1
25: 5
26: 10, 17, 14, 2, 6, 18, 26, 25