# Number of Floors, Capacity
25, 8
# Floor Requests
0: 19, 7, 16, 19, 16, 17, 19, 10
1: 13
2: 4, 14, 20, 23, 11, 21, 17
3: 7, 8, 24, 18, 12, 1, 24, 2
4: 2, 13, 13, 10
5: 17, 7, 12, 11, 9, 12
6: 9, 3, 11
7: 22
8: 5, 15, 13, 16, 21
9: 6
10: 23
11: 13, 0, 6
12: 8, 7, 15, 11, 6, 11, 8
13: 9, 10, 1, 15, 9
14: 22, 2, 2
15: 21
16: 7, 24, 12, 21, 0, 6, 20
17: 21, 11, 10, 0, 20, 6, 2, 7
18: 16
19: 21, 10, 16, 0, 18, 13, 6
20: 8, 19, 11, 2, 15
21: 0, 20
22: 13, 5
23: 13, 5, 5, 1, 14, 17, 14, 8
24: 9, 14, 15, 11, 7, 19