# Number of Floors, Capacity
65, 5
# Floor Requests
0: 28, 38, 23, 38
1: 58, 41, 33
2: 46
3: 56, 4, 17, 48
4: 49
5: 42, 0, 46
6: 39, 27
7: 39
8: 55
9: 23, 27, 20, 13, 25
10: 62, 43
11: 23, 63, 22, 58
12: 11, 43, 19, 21
13: 27
14: 1
15: 0
16: 36, 19, 2
17: 5
18: 35, 45, 18, 15
19: 54, 15
20: 57, 19, 61
21: 62, 21, 32, 18
22: 7
23: 63, 56, 40, 30
24: 46, 50
25: 9, 30, 34
26: 14, 2
27: 27
28: 61, 27, 48
29: 62, 37, 61, 3, 13
30: 39, 7, 29, 64, 56
31: 51, 3, 41
32: 14
33: 16, 39
34: 38, 19, 11, 26
35: 29, 31, 40
36: 60, 22, 60, 6, 56
37: 38, 36
38: 31, 34, 25, 6, 48
39: 9, 20, 38, 64
40: 47, 62
41: 22
42: 20
43: 35, 11, 41
44: 38, 38, 27
45: 64
46: 49, 57, 49, 51, 60
47: 11, 16
48: 10, 60, 26, 31, 60
49: 34, 14, 37, 24
50: 60
51: 26, 49, 38, 36
52: 37
53: 59
54: 46, 33, 35, 60, 13
55: 60, 5, 56
56: 5, 23, 32, 30, 24
57: 59
58: 14, 46
59: 18, 56
60: 35, 40, 45
61: 53, 29, 36, 27
62: 24, 19
63: 14, 46, 52, 20
64: 49, 3, 61, 64, 17