# Number of Floors, Capacity
29, 8
# Floor Requests
0: 23
1: 11, 13
2: 8, 1, 16, 6, 6
3: 18, 12, 2, 17, 26
4: 26, 11
5: 19, 17, 6, 0
6: 3, 6, 0
7: 14, 21, 21, 23, 1, 26, 4
8: 9
9: 10, 13, 5
10: 23, 6, 13, 9, 12, 9, 19
11: 2, 12, 14, 11, 12, 21
12: 22, 12, 10, 1, 28
13: 27
14: 17, 6, 17, 7, 2
15: 25, 15, 3, 22
16: 26, 19
17: 15
18: 14, 20, 23, 14
19: 11, 24, 17, 17, 24
20: 25, 17
21: 23, 26
22: 5, 27, 20, 28, 20, 24
23: 12, 16, 24
24: 22, 15, 28, 4, 9
25: 12, 22, 17, 21, 23, 11, 1
26: 1
27: 16, 13, 16, 16, 18, 15, 2, 27
28: 8, 6, 11, 11, 0, 9, 6