# Number of Floors, Capacity
25, 8
# Floor Requests
0: 20, 15, 24, 14, 7, 22
1: 22, 22, 3, 5, 9
2: 11, 16, 11, 10
3: 11
4: 2
5: 18, 4, 9, 2, 17, 16, 4, 12
6: 18, 11
7: 6, 22, 17, 13, 8
8: 7, 10, 9, 21, 11, 20, 17, 13
9: 1, 14
10: 1, 11, 18
11: 24, 14, 18, 12, 5, 2, 21, 15
12: 6, 1
13: 9
14: 0, 18, 7, 15, 23, 11, 0, 8
15: 5, 1, 5, 19, 3
16: 13, 7, 21, 13, 24, 14, 20, 13
17: 20, 1, 4, 13, 2, 0
18: 8
19: 11, 15
20: 7, 21, 14, 10, 7, 1
21: 1, 19
22: 20, 19, 13, 18, 0
23: 2, 10, 22, 24, 8, 8
24: 16, 4, 23