# Number of Floors, Capacity
28, 8
# Floor Requests
0: 17, 2
1: 26, 21, 27, 16, 9, 18, 13
2: 7, 10, 23, 20, 12, 2, 13
3: 10, 5, 0, 15
4: 23, 7
5: 2, 4, 21
6: 0, 0, 11
7: 27, 21, 5, 7, 6, 19, 22
8: 12, 18
9: 19, 2, 27, 14
10: 21, 9, 23, 19, 15, 15, 12
11: 27, 11, 13, 7, 14
12: 14, 3, 20, 20
13: 3, 21
14: 17, 18, 5, 14
15: 21, 25, 14, 18, 20
16: 2, 27, 15, 16, 4, 11, 1, 16
17: 6, 13, 19, 9, 11
18: 12, 11, 15, 2, 24
19: 3, 25, 18, 10, 15, 20, 21, 10
20: 20, 3
21: 1, 13
22: 0, 10, 0, 4, 16
23: 10, 23, 12, 23, 23, 1, 10, 13
24: 16, 1, 10, 11, 11, 25, 1, 26
25: 25, 13
26: 18, 23
27: 24, 17, 6, 26, 14, 10, 20, 21