# Number of Floors, Capacity
54, 5
# Floor Requests
0: 49
1: 0, 40, 20
2: 1, 12, 51
3: 46
4: 28, 24, 5
5: 29, 15, 53
6: 39, 27, 52, 0, 10
7: 33, 20, 37, 41
8: 5, 28, 19
9: 17
10: 33, 3
11: 35
12: 34, 2, 19
13: 16, 0
14: 38, 19, 30, 1, 3
15: 35, 49
16: 12, 16, 17, 51
17: 44, 3, 7, 49, 30
18: 18, 33, 14
19: 31, 40
20: 20
21: 42, 31, 8, 17
22: 24, 31, 32
23: 22, 10, 15, 25
24: 38, 42
25: 21, 34, 24
26: 10, 27
27: 33, 47, 18, 49
28: 14, 29, 27, 28
29: 33, 21
30: 36, 37, 23, 13, 4
31: 38, 12, 28, 28, 18
32: 40
33: 4, 48, 4
34: 52, 9, 8, 52, 50
35: 7, 46
36: 49, 29
37: 26
38: 37, 10
39: 30, 30
40: 50
41: 42, 28, 32, 40, 14
42: 38, 22, 0, 5
43: 5, 32
44: 17, 12, 46, 0
45: 3, 1, 49, 40
46: 37, 11, 8
47: 3, 34, 21, 15
48: 22, 33, 43, 44, 18
49: 12
50: 39, 5, 27, 25
51: 2, 34, 31, 15
52: 19, 38, 4
53: 46, 29, 5, 6