# Number of Floors, Capacity
28, 8
# Floor Requests
0: 6, 23, 8, 1, 10, 12, 14
1: 22, 5, 17, 8, 10
2: 10, 6, 24, 11
3: 14, 24, 0, 25, 23, 11
4: 15, 18, 4, 16
5: 11, 7, 15, 0, 16
6: 1, 22, 10, 10, 8, 21, 19
7: 26, 8
8: 0, 13, 22, 2, 8
9: 16, 25, 8, 13
10: 15, 1, 12
11: 5, 2
12: 0, 19, 26, 2, 14
13: 0, 20, 22, 17
14: 2
15: 22, 26, 11, 14
16: 3, 22
17: 2, 13, 25, 14
18: 15, 20, 18
19: 2, 12, 5, 5
20: 22, 16, 4
21: 22, 20, 5, 10
22: 9, 26, 11, 19
23: 7, 18, 3, 1, 1, 11, 24, 15
24: 3, 18, 6, 25, 3, 4, 8, 12
25: 3, 17
26: 10, 1
27: 14, 9, 20