# Number of Floors, Capacity
21, 8
# Floor Requests
0: 12, 2, 4, 8, 8, 20
1: 5, 15, 19, 5
2: 7, 10, 0, 18, 9
3: 9, 8, 4
4: 11, 11
5: 5, 6, 7, 16, 17
6: 6, 15, 15, 17, 0, 20, 12, 11
7: 1, 17, 0, 11, 5
8: 16, 18, 4, 5, 15, 1, 18, 16
9: 6, 8, 10
10: 5, 19, 5, 4, 13
11: 12, 15, 10, 3, 16, 14
12: 5, 6, 15, 6, 3
13: 4, 3, 11
14: 8, 20, 3, 12
15: 18, 16, 20, 10, 3, 8, 3
16: 18, 8, 11, 2, 10
17: 19, 4, 9, 15, 4, 3, 1
18: 10, 20, 7, 7, 10, 8, 13, 6
19: 5, 16, 14, 10, 9, 6, 20
20: 13, 3, 4, 17, 18, 0, 19, 17