# Number of Floors, Capacity
30, 8
# Floor Requests
0: 6, 1, 21, 24, 12, 24, 8, 19
1: 19, 27
2: 25, 7, 27, 27
3: 1, 27, 7
4: 2, 10, 29, 16, 1
5: 2, 4
6: 21, 5, 5, 11, 29
7: 25
8: 6, 10, 3, 24, 11, 24
9: 18, 15, 20
10: 3, 20, 8, 10, 4, 29
11: 3, 2, 1, 12
12: 4, 24, 24, 15, 26, 22, 19
13: 17, 4, 2, 0, 4, 2
14: 15, 5, 20, 15, 10
15: 3, 12, 23, 16, 6, 4, 12
16: 9, 12, 11
17: 24, 5, 26, 13, 18
18: 8, 18, 25, 0, 2
19: 15, 11, 11, 28, 4, 21, 28
20: 0, 4, 12, 5, 0, 2, 24, 18
21: 4, 3
22: 4
23: 28, 0
24: 16, 23, 10, 4, 21, 18, 0, 8
25: 18, 20, 19, 8
26: 16
27: 9, 19, 28, 25, 17, 24
28: 22
29: 18