# Number of Floors, Capacity
30, 8
# Floor Requests
0: 25, 13, 1, 6, 10, 9, 27, 1
1: 22, 2
2: 27, 28
3: 3, 11, 12, 10
4: 16, 4, 4, 2, 0, 4
5: 8, 29, 19, 10, 5, 20, 24, 18
6: 26, 17, 11, 27, 12
7: 4, 22, 9, 17, 24
8: 15, 27, 7, 13, 2
9: 3, 7, 14, 27, 26
10: 22, 27, 10, 27, 7, 23, 15, 5
11: 5, 12, 7, 24, 13, 3, 18
12: 24, 11, 22, 8, 7, 26, 19, 29
13: 24, 2, 24, 7, 28, 23, 20
14: 29
15: 24
16: 9, 13
17: 25, 26
18: 17, 26, 1, 15, 19, 26, 14, 2
19: 10
20: 1, 19
21: 12, 23
22: 11, 27
23: 4, 23
24: 17, 28
25: 5, 21, 17, 11, 8, 1, 5
26: 10, 4, 27, 1, 0, 12, 21, 7
27: 16
28: 21, 25
29: 2, 15, 29, 11, 23, 1, 16, 10