# Number of Floors, Capacity
29, 8
# Floor Requests
0: 8, 7
1: 9, 17, 28, 28, 2, 26, 2, 26
2: 24, 11
3: 26, 16, 24
4: 4, 17, 1, 15
5: 19, 8, 8, 16, 28, 5, 11, 26
6: 10, 6, 7, 18, 22, 7, 8
7: 11, 18
8: 4, 6, 22, 1, 24, 19, 24, 13
9: 14
10: 26, 19, 17, 24
11: 12, 3, 12, 15, 19, 26, 4
12: 18, 6
13: 9, 2, 28, 19, 5
14: 16, 18, 0, 1, 13, 27, 20
15: 13, 5, 19, 11, 10, 17
16: 26, 2, 17, 27
17: 2, 4, 9, 24, 16
18: 5, 21, 12, 11, 4
19: 9, 21, 28, 8, 26, 18, 8
20: 19, 11
21: 26, 16
22: 19, 7, 9
23: 14, 1, 3
24: 17, 15
25: 4, 7, 4, 20, 28, 24, 18
26: 5, 25, 23, 10, 3, 7
27: 19, 1, 11
28: 7, 28, 14, 13, 25, 17, 11