# Number of Floors, Capacity
89, 5
# Floor Requests
0: 79, 45, 44, 44, 12
1: 60, 3
2: 60
3: 58, 38, 2
4: 83, 10
5: 24
6: 62, 63
7: 84, 13, 78, 33
8: 46
9: 62
10: 36, 56, 1, 19, 20
11: 4, 33, 53, 31
12: 47, 5, 13, 0
13: 18, 54, 14, 13
14: 27, 24, 39, 10, 79
15: 49
16: 24, 26
17: 39, 78, 32, 43, 44
18: 49, 77
19: 31, 40, 79
20: 72, 78, 6, 17, 74
21: 34, 54, 5
22: 53
23: 55
24: 69, 22, 52, 7, 52
25: 39
26: 37, 25, 79, 14, 10
27: 42, 16
28: 63, 53, 19, 25, 86
29: 71, 40, 38
30: 3, 69
31: 82, 0, 21, 38
32: 65, 32, 17, 56, 77
33: 32, 36
34: 14
35: 73
36: 29, 50, 75
37: 80, 29, 77, 61, 39
38: 13, 76, 68
39: 50, 85
40: 49, 11
41: 60, 71, 85, 83, 21
42: 4
43: 86
44: 74, 24, 1, 74
45: 86
46: 48
47: 41, 33, 82, 60
48: 48, 42, 17, 88, 68
49: 42, 85, 53
50: 48, 77, 58, 45
51: 41, 28
52: 16, 71, 63
53: 72
54: 53
55: 56, 58, 5, 0, 19
56: 86, 40, 4, 43, 13
57: 67, 78, 13, 36, 88
58: 52
59: 62, 59
60: 25, 28, 3, 16, 71
61: 39
62: 71, 42
63: 38, 82, 51, 19, 36
64: 14, 81, 23
65: 80, 41, 29, 67, 44
66: 37, 80
67: 32, 37, 22, 17
68: 62, 62, 71, 59
69: 14
70: 62, 34, 80, 72, 11
71: 7
72: 64, 77, 28
73: 20, 68
74: 32
75: 19, 80, 38
76: 64
77: 7, 14
78: 0, 14
79: 5
80: 68, 77
81: 46, 33, 87, 14, 13
82: 74, 14
83: 22, 17
84: 26, 3, 39, 63, 56
85: 87
86: 18, 0, 78
87: 8, 6, 26, 42, 3
88: 50