# Number of Floors, Capacity
91, 5
# Floor Requests
0: 1, 82
1: 72, 15, 73, 7
2: 16, 55, 59
3: 54, 13, 3
4: 65, 13
5: 59, 71, 90, 21, 79
6: 42, 55, 67
7: 34, 54, 31, 33
8: 25, 64, 84
9: 52, 86, 30, 78, 61
10: 75
11: 36, 77, 73, 87, 47
12: 14
13: 19
14: 38, 16, 7
15: 61
16: 24, 22, 18
17: 61, 20, 76, 48, 25
18: 0, 7, 90, 25, 66
19: 53, 3
20: 80, 74, 72, 88, 20
21: 56, 38, 55, 10, 46
22: 71, 16, 61, 33
23: 28
24: 73
25: 4, 37
26: 41, 22, 40, 86, 77
27: 55
28: 40, 13, 50
29: 22, 86, 19, 35, 36
30: 43, 75, 22, 18, 0
31: 14, 32, 81, 11, 86
32: 35, 51, 76
33: 31, 59, 31, 46, 69
34: 39, 25, 67, 86
35: 90, 21, 39
36: 57, 36
37: 78, 82, 89
38: 33, 4
39: 40, 34, 10, 84, 10
40: 11, 55, 24, 74, 13
41: 28, 42
42: 79, 1, 79, 39, 45
43: 37, 82
44: 7, 25, 75
45: 82
46: 87
47: 38, 22
48: 70, 14
49: 70, 78, 35, 63, 89
50: 5, 83, 78, 27
51: 83, 17, 47, 88, 46
52: 82, 20, 62
53: 2
54: 1, 57, 39, 15
55: 3, 38, 13, 10
56: 34, 80, 53, 57, 23
57: 58, 36, 70, 82
58: 20, 70, 14
59: 41, 79, 78
60: 67, 45, 5, 71
61: 11, 37
62: 39, 52
63: 29, 70, 76, 22
64: 17, 34, 4
65: 10, 73, 61, 71
66: 29, 54
67: 36, 73
68: 53, 69
69: 56, 33, 17, 84
70: 42, 49
71: 67, 26, 79
72: 46, 2
73: 68, 18
74: 42
75: 80, 21
76: 39, 77
77: 11
78: 53, 28
79: 82, 48
80: 87, 83
81: 27, 0, 78, 12
82: 45
83: 28, 8, 18, 29
84: 5, 79, 31, 60
85: 22, 83, 11, 33, 89
86: 38, 50, 45
87: 0, 82, 0, 5, 67
88: 61, 15, 86, 60
89: 34, 58, 80
90: 5, 88