# Number of Floors, Capacity
73, 5
# Floor Requests
0: 63, 39, 20, 49
1: 51, 59
2: 71, 1, 46, 2, 61
3: 28, 20, 18, 47, 8
4: 37
5: 13, 33, 64
6: 27, 50, 16, 28, 28
7: 59, 21
8: 7, 35, 37, 57
9: 32, 33, 48, 53, 63
10: 67, 3, 68, 44, 66
11: 54, 22, 45, 12
12: 20, 47, 59
13: 69, 54, 23
14: 4, 30
15: 62, 29, 63, 24, 2
16: 2, 49, 18, 31
17: 36, 64, 3, 63
18: 20, 54, 68, 32, 11
19: 0
20: 54, 9, 1, 67, 33
21: 69, 28, 3
22: 71, 58, 64
23: 33, 16, 60
24: 30, 55, 22
25: 54, 18, 52
26: 59, 56, 62, 1, 29
27: 9, 5, 30, 4
28: 21, 61, 23, 12, 32
29: 14, 18, 66
30: 57, 44
31: 34
32: 26, 56
33: 23, 49
34: 48, 50
35: 26
36: 52, 55
37: 60, 53
38: 41, 42, 45, 26
39: 16, 30, 31
40: 18, 35
41: 34, 36, 64
42: 7, 11
43: 66, 44
44: 12, 72, 16
45: 46, 69, 63, 41, 22
46: 5
47: 15, 11, 7
48: 11, 68, 26
49: 34
50: 71, 59, 62, 38, 38
51: 62, 13, 35, 25
52: 47
53: 18, 43
54: 41
55: 10
56: 36
57: 33, 18
58: 35, 18, 15, 20, 61
59: 52, 44, 55, 11
60: 27, 19, 25, 13
61: 54
62: 0
63: 38, 60
64: 21, 53
65: 57, 11, 36, 72
66: 12, 5, 13
67: 67, 48, 54
68: 36, 33, 23, 54
69: 71, 69, 52, 34
70: 41, 33
71: 44, 60, 30, 18
72: 5, 18, 56, 53, 11