# Number of Floors, Capacity
54, 5
# Floor Requests
0: 5, 20, 15
1: 40, 26, 3
2: 51, 47, 4, 23, 30
3: 32, 43, 37, 41
4: 46, 15, 27, 45, 18
5: 31, 44, 35, 9
6: 2, 13, 2, 44
7: 26, 42, 27
8: 52, 35
9: 0, 3, 1, 41, 5
10: 52, 4, 14, 7
11: 17
12: 46, 20, 12
13: 21, 20, 29, 17
14: 37, 15, 7, 11
15: 9, 2, 11, 28, 53
16: 34, 26, 5
17: 0, 27, 7, 29
18: 14, 26
19: 47
20: 6, 52, 11
21: 37, 30, 20, 11
22: 52
23: 39
24: 49, 0, 7, 49, 3
25: 38, 29, 4
26: 37, 42, 50, 15
27: 47, 10, 17
28: 32, 35, 46, 47
29: 40, 35, 7, 31, 50
30: 47, 34, 52
31: 33, 21, 8, 48
32: 36
33: 9
34: 41, 53, 40, 9
35: 41, 17, 41, 18
36: 26, 21, 2
37: 22, 33, 0, 3, 11
38: 19
39: 7, 30, 26, 53
40: 9, 5
41: 35, 4, 23, 27
42: 9, 35, 7, 5, 8
43: 46
44: 7, 10
45: 28, 39, 26, 0, 38
46: 31, 3, 36, 7, 30
47: 5, 36
48: 37, 23
49: 7, 15, 50, 11, 2
50: 47, 33, 51
51: 48, 48, 7, 29, 19
52: 48, 24, 33, 44
53: 15, 53, 8, 51