# Number of Floors, Capacity
30, 8
# Floor Requests
0: 18, 24, 8, 14, 23, 27, 19, 4
1: 22, 2, 16, 5, 27, 29, 22, 11
2: 21
3: 18, 23, 6, 6
4: 23, 1, 21, 24, 20, 26, 7, 26
5: 15, 18, 6
6: 15, 12, 27, 9, 14, 18, 17
7: 9, 22, 23, 24
8: 4, 5, 7
9: 21, 16, 17, 28, 13, 14
10: 21, 22, 13
11: 13, 16, 13, 24, 16, 24, 16
12: 27, 13, 6, 20
13: 4, 24
14: 22, 4, 1
15: 28, 19, 3, 20, 27
16: 18, 6, 7, 20
17: 6
18: 26, 15, 9, 28, 29, 10, 21, 0
19: 23, 25, 18, 28, 9, 26, 1
20: 29, 21, 7, 16
21: 13, 27, 29, 17, 7, 15, 10, 27
22: 9
23: 20
24: 4, 8, 26, 22, 2, 11, 6
25: 21, 2, 29
26: 0, 10, 10, 8, 15
27: 6, 1, 23, 28
28: 27, 10, 26, 14, 8, 13, 7
29: 4, 5, 25, 28, 15, 9, 15