# Number of Floors, Capacity
27, 8
# Floor Requests
0: 4, 16, 24, 4, 2, 15, 2, 22
1: 13, 19, 25, 20
2: 8
3: 19, 19, 5, 5, 0
4: 1
5: 12, 25, 4, 5, 19, 12, 13
6: 1, 13
7: 9
8: 25, 11, 14, 9
9: 21, 0, 12, 1, 0
10: 23, 21, 8, 7, 8
11: 9, 21, 5
12: 8, 4, 8, 3, 17, 15, 13, 0
13: 3, 18
14: 9, 23, 11, 25, 17, 22, 17
15: 9, 9, 0
16: 26
17: 26, 19, 1, 1, 7, 22
18: 3, 19
19: 20, 4, 3, 24, 13, 16, 6
20: 6, 26, 12
21: 23, 2, 19
22: 10, 22, 2, 13, 5, 10
23: 7, 21, 16
24: 22
25: 20, 24, 8, 10, 0, 16, 7, 7
26: 18, 17, 6, 11, 13