# Number of Floors, Capacity
96, 5
# Floor Requests
0: 85, 54, 28, 86, 6
1: 14
2: 20, 24, 80, 91, 22
3: 87, 53, 3
4: 43, 85, 25
5: 72, 8, 11, 15
6: 58, 2, 85, 63
7: 64, 71
8: 33, 22
9: 58
10: 54, 94, 87, 49, 63
11: 54, 53, 38, 53, 6
12: 6
13: 83, 54, 85, 37
14: 92, 85
15: 78, 74, 57, 76, 1
16: 67, 82, 32, 73, 46
17: 63, 28, 79
18: 90, 45, 90
19: 19
20: 51, 33
21: 0
22: 29, 4, 26
23: 89, 64
24: 95, 3, 82, 58
25: 40, 35
26: 4, 60, 15, 52, 37
27: 86, 86, 87
28: 70, 63, 18, 30, 4
29: 14, 88
30: 93, 94, 34, 89, 18
31: 72, 57, 94, 67, 12
32: 49, 89, 25, 86, 14
33: 79, 10, 66
34: 70, 19
35: 60
36: 63
37: 14
38: 0, 13, 10, 87
39: 81, 86, 24, 93, 21
40: 33, 26, 94, 61, 16
41: 10
42: 54
43: 11, 11
44: 26, 17
45: 26, 31, 69, 40
46: 94
47: 56
48: 41, 33
49: 25, 56, 58, 58, 14
50: 51
51: 82, 24
52: 95, 69, 55
53: 33, 32, 68, 91
54: 75
55: 55, 55
56: 0
57: 7
58: 48, 89, 0, 27, 21
59: 92
60: 4
61: 81, 79, 70, 75, 60
62: 34, 49
63: 54
64: 20, 30
65: 9
66: 84, 38, 21, 3, 5
67: 47, 58
68: 77, 52
69: 72, 40
70: 51, 50, 25, 94
71: 29
72: 76, 57, 82, 47
73: 21, 74
74: 1, 56, 66, 49
75: 75, 75, 61, 88, 57
76: 2, 68, 2, 92, 86
77: 68, 53, 2, 78, 93
78: 38, 10, 86, 12, 93
79: 10
80: 92, 95, 3
81: 57, 39, 21, 95, 72
82: 78, 21, 1, 92, 59
83: 90, 3, 12, 38
84: 11
85: 82, 90, 19
86: 41, 15, 11
87: 92, 12, 32
88: 34, 65, 39, 47
89: 2, 77, 7, 22, 70
90: 48, 20, 69
91: 22, 49, 30
92: 54, 9, 19
93: 91
94: 65, 69
95: 65, 18, 95