# Number of Floors, Capacity
70, 5
# Floor Requests
0: 13, 50
1: 45, 28
2: 64, 4, 2, 55
3: 21, 45, 63
4: 63, 31, 44, 25, 11
5: 47, 17, 52, 56
6: 5, 30, 56, 66
7: 21, 67, 35, 26
8: 36
9: 8, 22, 10, 16, 53
10: 56, 30, 57
11: 22, 39, 41, 16
12: 14
13: 26, 22, 45, 26, 62
14: 28, 15, 33, 11
15: 3, 38, 3
16: 37, 14, 8
17: 22, 24, 30, 42, 35
18: 63, 17, 35
19: 36, 0, 26
20: 15, 61, 25, 43, 24
21: 17, 51, 58, 51
22: 28, 14, 59, 36
23: 60, 21
24: 15, 5
25: 34, 11, 27
26: 51, 62, 49, 48
27: 0, 67
28: 39, 12, 18, 7, 36
29: 7, 17
30: 32
31: 12, 10, 19, 54, 26
32: 29, 24
33: 1
34: 60, 38, 54, 13
35: 46, 13, 12
36: 23
37: 13, 8
38: 57, 22
39: 25, 50, 7
40: 11
41: 52
42: 34, 53, 8, 46
43: 44, 61, 67
44: 12, 50, 0, 58, 35
45: 64, 49
46: 8, 6, 0, 20
47: 52, 23
48: 69, 50, 56
49: 19, 39
50: 10
51: 36, 37, 44, 52
52: 50, 43, 35, 25
53: 48, 62
54: 12, 55, 35, 57, 60
55: 52
56: 21, 44, 22
57: 57
58: 11, 44, 23
59: 29
60: 64
61: 24, 66, 20, 37
62: 31
63: 49, 56, 37, 46, 12
64: 40, 2, 8, 40, 55
65: 11
66: 67, 38
67: 27, 16, 65, 50
68: 35, 18
69: 12