# Number of Floors, Capacity
48, 5
# Floor Requests
0: 5, 19, 45, 4, 44
1: 3, 18, 29, 12
2: 33, 34
3: 16, 4, 26, 10
4: 44, 6, 42, 33, 26
5: 20, 14, 38
6: 23
7: 27, 7
8: 44, 34
9: 43, 14
10: 2, 29, 47
11: 27, 22, 21, 4, 46
12: 21, 36, 17, 28
13: 24
14: 21
15: 34
16: 47, 11
17: 46, 16, 1, 25, 16
18: 34
19: 41, 44
20: 26, 27, 24, 12
21: 0, 14
22: 5, 21, 17, 1, 32
23: 20, 33
24: 23, 13
25: 35, 30, 17
26: 41, 5, 4, 29
27: 2
28: 25
29: 15, 4
30: 14, 5, 9, 20, 22
31: 42, 46
32: 28, 46, 20, 45, 25
33: 9, 11, 41
34: 15, 10
35: 18, 12
36: 31
37: 15, 24
38: 11, 32, 37
39: 30, 20, 24, 9
40: 3, 44, 1, 0, 44
41: 1, 25, 1, 6, 16
42: 6, 43, 5
43: 6, 24, 18
44: 33, 37, 4
45: 6, 46, 13, 0
46: 18
47: 34, 37, 11, 20, 23