# Number of Floors, Capacity
25, 8
# Floor Requests
0: 14, 17, 22, 14
1: 23, 21, 24, 13, 9, 22
2: 14
3: 16, 21, 0, 11
4: 21, 7, 11
5: 20, 13, 14, 9, 22, 19, 3
6: 13, 9
7: 22, 21
8: 2, 11, 9, 3, 10, 20, 16, 15
9: 10, 15, 6, 22, 10
10: 2, 22, 5, 14, 23, 11, 22, 9
11: 15, 5, 24
12: 4, 13, 23, 21, 22, 15, 11
13: 9, 14, 8
14: 2, 21, 11, 19, 23, 1, 7, 7
15: 23, 9, 13
16: 3, 21, 14
17: 12, 13
18: 24, 24, 3, 22, 1, 4
19: 20, 23, 5, 24, 6, 1, 16
20: 8, 4
21: 1, 0, 4, 19, 3, 23
22: 18, 1, 16, 8
23: 0, 11, 22, 5
24: 17, 22, 20, 22