# Number of Floors, Capacity
87, 5
# Floor Requests
0: 12
1: 50, 68
2: 12, 54
3: 21, 68, 72, 76
4: 33, 58, 78
5: 27, 64, 23, 5
6: 26, 52, 3
7: 42
8: 10, 12, 3, 21
9: 70, 5, 78, 19, 77
10: 65, 4, 83, 68
11: 58, 74, 0, 26, 42
12: 52, 52, 37, 54
13: 21
14: 5, 83, 37
15: 79, 46, 18, 83
16: 5, 15, 61, 38
17: 76
18: 8, 10
19: 84, 32, 56
20: 86, 7, 22
21: 9, 32, 29, 25
22: 37, 36, 16, 30, 5
23: 82, 5, 25, 57
24: 68, 76
25: 3, 63, 57
26: 61, 13, 31
27: 38
28: 45, 65, 12, 7, 10
29: 4, 43, 82
30: 41, 69, 40, 73
31: 67, 27
32: 81, 22
33: 14
34: 0, 40, 29, 16, 83
35: 22
36: 75, 54
37: 86, 64, 21
38: 23, 39, 14
39: 34, 53, 79
40: 85, 84
41: 44, 34, 52, 39, 78
42: 17, 0
43: 4, 5, 16
44: 3, 40
45: 55, 66
46: 60, 59, 59, 1
47: 74
48: 81
49: 63, 69, 2, 75, 10
50: 63, 43, 67, 82
51: 4, 26
52: 5
53: 68, 47, 52, 29
54: 69, 74, 15, 74
55: 34, 0, 46
56: 47, 24, 47, 35
57: 21, 45
58: 9, 18, 26
59: 17, 83
60: 63, 67, 55
61: 39, 47, 76, 63, 34
62: 26, 85
63: 79, 63, 72, 1, 59
64: 4, 63, 16
65: 10, 78, 48, 2, 15
66: 59
67: 7, 0, 70
68: 50, 2, 24, 47
69: 79, 83, 84, 65
70: 48, 21, 38, 79, 25
71: 76, 0, 17, 36
72: 58, 56
73: 82, 3, 50, 76
74: 64, 0
75: 8, 38, 64, 45
76: 43, 82, 35, 60, 67
77: 11, 12, 33
78: 42, 49, 30
79: 32, 77
80: 0, 23, 59, 48
81: 39, 46, 5, 48, 85
82: 57, 78
83: 12
84: 39, 11, 12
85: 52, 14
86: 0, 38, 80, 24