# Number of Floors, Capacity
82, 5
# Floor Requests
0: 1
1: 17, 45, 14, 17
2: 56, 8, 10, 54
3: 10, 43
4: 37, 79, 42
5: 19, 75, 58
6: 14, 20, 44, 26, 18
7: 29, 19
8: 28, 77, 8, 80
9: 70, 47, 50
10: 74, 77, 28
11: 68, 23
12: 62, 55
13: 81, 24, 2
14: 39, 68, 65
15: 5, 45, 24, 68
16: 17, 4
17: 66, 20, 10, 72, 46
18: 11, 41, 32
19: 67, 71, 39, 11, 40
20: 75, 64
21: 5, 51, 58, 65, 47
22: 38, 21, 72, 74
23: 41, 13
24: 56, 7, 43
25: 73, 43, 77, 22
26: 59, 64, 4, 65
27: 35, 10, 62
28: 55, 6
29: 59, 38
30: 34, 72
31: 4
32: 30, 75, 33
33: 46
34: 35, 24, 16
35: 12
36: 19, 69, 26
37: 51
38: 13
39: 66, 31, 54
40: 22, 21
41: 21, 71, 70, 10, 1
42: 51
43: 72, 30, 62
44: 70
45: 16
46: 31, 26
47: 27, 74, 3
48: 10, 69, 44
49: 15, 81, 8
50: 68
51: 62, 79
52: 42, 47, 66
53: 20, 1, 27, 8
54: 81, 54, 70
55: 67, 28
56: 77
57: 81
58: 11, 44, 12, 64
59: 81
60: 43, 74, 37, 35
61: 5
62: 22, 58, 0, 40, 12
63: 60, 15, 75, 34, 5
64: 76, 20, 36, 33, 21
65: 33, 9, 50, 52, 66
66: 50
67: 67, 53, 58, 62
68: 9, 73
69: 58
70: 59
71: 68, 57, 40, 79
72: 69, 68, 75, 73
73: 54, 7, 74
74: 77
75: 38, 46
76: 10
77: 54, 42, 16, 67
78: 38, 15
79: 70, 27, 18, 52
80: 21, 43, 34, 23, 52
81: 21, 24, 62, 1, 6