# Number of Floors, Capacity
83, 5
# Floor Requests
0: 42, 55
1: 28, 45, 14, 80, 77
2: 10, 17, 47
3: 29, 38, 32, 76, 16
4: 20, 23, 68
5: 64, 66, 7, 49
6: 80, 20, 60, 80, 48
7: 12, 23, 37
8: 45, 73, 68, 2, 7
9: 79
10: 32, 64, 81, 67
11: 58, 11, 31, 51
12: 38
13: 42, 72
14: 2, 54
15: 82, 12
16: 52, 16
17: 76, 40, 18
18: 41, 67, 39, 77, 39
19: 67, 27, 14, 35
20: 32, 36, 55
21: 69, 46
22: 40
23: 45, 54, 61, 68, 32
24: 18
25: 8, 11, 10, 52, 42
26: 81, 67, 76, 29
27: 29, 62, 44
28: 29, 70
29: 51, 65, 9, 30, 13
30: 13
31: 80, 69, 75
32: 73, 56, 77, 77, 44
33: 68, 4, 51
34: 58, 76, 74, 79
35: 27, 2, 69, 13, 76
36: 34
37: 19
38: 15
39: 75, 25
40: 71, 20, 35
41: 31, 17, 7, 77, 49
42: 54, 40, 41, 79
43: 58, 38, 11, 42, 9
44: 16, 4, 15, 13
45: 6, 80, 43, 16
46: 23, 7, 25, 18, 18
47: 6
48: 52, 0
49: 41, 56, 41, 37, 82
50: 75, 27
51: 67, 56, 29
52: 57, 47, 45
53: 8
54: 40, 66, 82, 3, 45
55: 40, 79, 68, 63
56: 46, 52, 80, 37, 82
57: 75, 33, 36, 22
58: 59
59: 62
60: 33, 37, 72, 73, 65
61: 22, 56, 44
62: 50, 15, 71
63: 54
64: 22, 35
65: 46, 42, 9
66: 73, 58, 25, 9
67: 25, 6
68: 3, 40
69: 78
70: 81
71: 49
72: 33, 61, 50, 48
73: 48
74: 63, 10, 51, 80, 29
75: 28, 18
76: 23, 42, 45, 20
77: 22, 34
78: 15, 34, 52
79: 82, 27, 60, 54
80: 28, 34, 38, 64
81: 77, 49, 23, 41
82: 72, 28, 10