# Number of Floors, Capacity
25, 8
# Floor Requests
0: 16, 4, 7, 7, 15, 2, 15, 6
1: 21, 3
2: 13, 14, 14, 12, 24, 4
3: 17, 23, 21, 0
4: 0, 23, 14, 3
5: 12, 16, 16
6: 9, 0, 15
7: 5, 16, 24, 24, 17, 8, 23
8: 23, 2, 7, 6, 20, 20
9: 22, 7, 15, 2, 18, 17, 13, 14
10: 3, 21, 18
11: 9, 15, 13, 4, 14, 20
12: 13, 20, 10, 17, 16
13: 17, 17, 1, 3, 14
14: 4, 18, 16, 18
15: 7, 14, 4, 9, 2, 0, 24
16: 15, 20
17: 2, 7, 10, 5, 7, 5, 24
18: 12, 8, 23, 1, 8
19: 12, 10, 2, 2
20: 1
21: 24, 20, 11, 24, 15
22: 2, 13, 20, 15, 15, 11
23: 0, 17, 1, 11, 20, 7, 3, 18
24: 4, 12