# Number of Floors, Capacity
26, 8
# Floor Requests
0: 21, 21, 15, 20, 12, 0
1: 11, 21, 20, 9, 20, 24, 9, 3
2: 11, 1, 23, 11, 10, 13, 0
3: 23, 15, 20, 10
4: 21, 20, 22
5: 22, 23, 22, 9, 14, 1, 1, 20
6: 3, 2, 12, 19, 22, 25, 10
7: 22, 2
8: 1, 18
9: 17, 6, 7, 5, 0, 17
10: 18, 23, 12, 22, 24, 3, 8
11: 15, 4, 1, 5, 14, 8, 1
12: 12, 22, 25, 23, 12, 22, 14, 24
13: 16, 17, 18, 16, 3, 8, 8, 10
14: 19, 0, 14, 23, 20, 1, 24, 8
15: 14, 16, 12, 15, 8, 11, 24, 18
16: 8, 5, 23
17: 2, 19
18: 15, 25, 11, 13, 9, 9
19: 15, 13, 5, 14, 21
20: 15, 21, 11
21: 11
22: 11, 9, 7, 25, 19, 5, 7
23: 2, 21, 22
24: 7, 9, 6, 12, 22, 14
25: 5, 14