# Number of Floors, Capacity
30, 8
# Floor Requests
0: 11
1: 10, 15, 10, 7, 10, 7, 16
2: 29, 25, 18, 6, 23, 15, 18
3: 10, 9, 4, 7
4: 23, 25, 26
5: 29, 6
6: 19, 23, 20, 9, 29
7: 4
8: 14
9: 18, 10, 28
10: 19, 0, 16
11: 13, 9, 3, 1
12: 29, 23, 25, 24
13: 7
14: 12, 29, 3, 26, 1, 20, 25
15: 2, 29, 26, 7, 4
16: 26, 12, 26
17: 4, 14, 13, 19, 6, 13, 11
18: 11, 19, 19, 28, 27
19: 16, 7, 8, 23, 6, 28
20: 18, 6, 7, 2, 8, 17, 23, 2
21: 26, 22, 18, 6, 4, 10
22: 5, 13, 20, 12, 0, 6
23: 29, 20, 27, 13, 6, 3, 12
24: 11, 2, 11, 22
25: 12, 21, 0, 29, 16
26: 14, 28, 5, 20, 13, 10
27: 3, 14, 23, 6, 17, 28, 9, 23
28: 1, 17, 25, 23, 7, 14, 10, 27
29: 9, 11