# Number of Floors, Capacity
27, 8
# Floor Requests
0: 13, 7, 14, 9, 16, 20, 23
1: 14
2: 6, 16, 11, 23, 20
3: 20, 9, 18, 24
4: 16, 22, 13, 3, 11, 1
5: 8, 23, 11, 7, 24, 17, 22
6: 21, 19, 13, 19, 21
7: 10, 6, 2, 2, 19, 12, 21
8: 4, 12, 17
9: 11
10: 19, 24, 11, 4, 19, 18, 4, 13
11: 20, 15, 1, 0
12: 24, 23
13: 17, 10, 19
14: 21
15: 12, 15, 11, 21, 17, 9
16: 0, 2, 6, 2, 18
17: 16, 13, 2, 20, 9, 16
18: 20, 19, 17, 12, 26, 11, 0, 3
19: 24, 4, 3, 1
20: 0, 1, 13, 24
21: 0
22: 18
23: 9, 0
24: 19, 1
25: 12, 1, 8, 26
26: 26