# Number of Floors, Capacity
47, 5
# Floor Requests
0: 12
1: 16, 11
2: 36, 5, 24, 42
3: 13, 22, 0, 19
4: 44, 15, 45, 45
5: 30
6: 34, 14, 26, 25
7: 34, 30, 13, 30
8: 10, 44, 18
9: 46, 23
10: 29, 43, 15
11: 42, 10, 38
12: 12, 25, 14, 9, 30
13: 8, 5, 26
14: 14, 40, 17, 25
15: 5, 17, 28, 13
16: 20, 33
17: 1, 41, 3, 36, 43
18: 3, 23, 6
19: 36, 11, 26, 26, 14
20: 31, 27
21: 14, 13
22: 29, 9, 10, 19
23: 4, 20
24: 23, 45
25: 45
26: 35, 5, 39, 35
27: 44, 30, 22, 32
28: 30, 24, 28
29: 0, 25, 25
30: 10, 36, 5, 9, 38
31: 24, 9, 36, 28, 45
32: 5, 27, 1, 21
33: 8
34: 9, 20, 32
35: 17, 37
36: 46, 43, 43, 14, 26
37: 35, 6, 45, 29, 9
38: 25, 26, 7, 35
39: 14
40: 27, 5, 31
41: 38, 0, 34, 34, 1
42: 46, 32, 2, 24, 37
43: 21, 38, 45
44: 1, 33, 13, 40, 25
45: 2, 20, 18, 2, 9
46: 15, 1, 4