# Number of Floors, Capacity
22, 8
# Floor Requests
0: 4, 21, 5
1: 8, 9, 12, 16, 7, 21, 6, 16
2: 16
3: 17, 7, 2, 1, 17, 16
4: 19, 12, 16, 13, 17, 6, 11
5: 7, 10, 14, 8
6: 13, 21, 1, 12, 13, 19
7: 21
8: 21, 18, 20, 0, 4, 16, 21
9: 5, 17, 19, 15, 21
10: 6, 11, 21, 5, 18, 14, 18
11: 2, 20, 17, 15
12: 1, 21, 19, 20, 18, 21, 5
13: 16, 19, 5, 18, 3, 8
14: 17, 0, 13, 18, 7, 12
15: 13, 21, 7, 21
16: 4, 20, 21, 3, 21, 11
17: 14, 10, 16, 16
18: 7, 0, 11, 4, 20, 16, 3, 11
19: 5, 3, 4, 13, 0, 11, 15
20: 9, 9, 6, 17, 13, 18, 21, 12
21: 7, 12, 15, 16, 9, 7