# Number of Floors, Capacity
83, 5
# Floor Requests
0: 65, 48, 77, 42
1: 46, 35, 12, 51, 23
2: 53, 64, 26, 75, 74
3: 58, 41, 2, 53
4: 20, 5
5: 15, 82, 11
6: 12, 5, 20, 81, 47
7: 58, 26, 80, 36
8: 78, 19, 26, 58, 56
9: 71, 72, 7, 51
10: 24, 56, 7
11: 30, 14, 78, 14, 67
12: 49, 43, 11, 4, 66
13: 11, 15, 18
14: 37, 48, 33, 7, 61
15: 60, 6, 27, 67, 38
16: 3, 61, 32, 14, 71
17: 51, 22, 19, 57, 61
18: 29, 59, 36, 72, 29
19: 37, 22, 11, 17
20: 24
21: 56, 11
22: 62
23: 56, 18
24: 64
25: 70, 79, 74
26: 14
27: 15, 61, 57
28: 6, 63
29: 14
30: 20, 36, 82
31: 53
32: 36, 65
33: 41, 11, 79, 79
34: 4, 31, 12, 12, 0
35: 51, 31
36: 58, 15, 65, 41
37: 65, 59
38: 82, 37, 47, 12
39: 72, 10, 67, 52
40: 3
41: 8, 24, 67, 39
42: 68
43: 0, 0, 37, 70
44: 80
45: 77, 35
46: 51, 74, 14
47: 27, 75
48: 38, 2, 31
49: 14, 62, 2
50: 49, 70, 10, 0
51: 71, 76, 66
52: 31, 79, 34, 13
53: 68, 57, 43, 57
54: 43, 74, 19, 3
55: 25
56: 73, 18, 67, 47
57: 3
58: 18, 1, 38
59: 58, 46, 38, 17, 32
60: 59
61: 77, 82, 2, 9
62: 44
63: 6
64: 36, 13, 71, 46, 0
65: 76, 42, 9
66: 21, 82
67: 31, 65, 6, 58, 19
68: 65, 2
69: 80, 21, 58, 52
70: 71, 66, 78, 56
71: 14, 81
72: 13, 35, 37, 48, 78
73: 5, 69
74: 56, 50, 14
75: 53, 20, 67, 22
76: 27, 78
77: 19, 50
78: 19, 57, 19, 65
79: 43, 40, 48, 58, 37
80: 39
81: 42, 27
82: 33, 22, 6, 10, 68