# Number of Floors, Capacity
50, 5
# Floor Requests
0: 35, 14, 19, 48
1: 3
2: 6
3: 41, 43, 12
4: 3, 23
5: 41, 20, 24, 29
6: 31, 28, 5
7: 39, 10, 16, 41, 20
8: 9, 9, 45
9: 24, 14
10: 49, 30, 3, 22
11: 32, 39, 22, 31, 36
12: 37, 1, 41
13: 25, 9, 41, 22
14: 35, 30
15: 9, 25, 1
16: 41, 27
17: 49
18: 23, 25
19: 23, 30, 1
20: 13, 12, 2
21: 2, 49, 42, 22, 45
22: 17, 14, 10
23: 33, 15, 49
24: 1, 35, 1
25: 48, 12, 47
26: 46, 3, 10, 4, 14
27: 37, 40, 12
28: 29, 13, 27, 36, 13
29: 23, 44, 26, 11, 45
30: 20
31: 5, 34, 19
32: 43, 13
33: 41, 20, 3, 13, 45
34: 17, 9, 29
35: 37
36: 21, 46
37: 32, 37, 15, 21, 16
38: 23, 33, 19
39: 49, 28, 5, 6, 49
40: 29, 18, 46
41: 43
42: 36, 17, 19, 6
43: 2, 47
44: 5
45: 33, 23, 40
46: 30
47: 0, 14, 20, 37, 4
48: 17
49: 30