# Number of Floors, Capacity
26, 8
# Floor Requests
0: 25, 6, 6, 14, 20, 15, 1, 7
1: 11, 19
2: 4, 11, 20, 1
3: 14
4: 1, 24, 12
5: 1, 22, 24, 0, 14, 6
6: 17, 6, 22, 18, 1, 3, 1, 24
7: 3, 1, 8, 20, 17, 22, 17
8: 9
9: 21, 2, 2
10: 10, 4, 8, 10, 14, 12, 13
11: 3, 24
12: 21, 4, 25
13: 13, 21
14: 3, 24, 6, 12, 2, 10, 25, 13
15: 13, 4, 11, 19, 3, 12, 23
16: 5, 8, 15
17: 13, 23, 24, 3, 23, 9
18: 19, 13, 0
19: 7, 1, 1, 6
20: 3, 0, 1, 16, 20
21: 15, 19, 21
22: 22, 23, 11
23: 18, 10, 20, 10, 10, 3, 14, 14
24: 24, 4, 9, 10, 17, 8, 10, 17
25: 24, 12, 8, 2, 20, 1, 1, 2