# Number of Floors, Capacity
63, 5
# Floor Requests
0: 61, 17
1: 49, 59, 58, 39
2: 13, 33, 55, 1
3: 16
4: 51, 1
5: 16, 38, 51, 17, 25
6: 4, 32
7: 32, 33, 19, 47, 52
8: 59, 30
9: 4, 10, 61, 39, 15
10: 17
11: 6
12: 6, 41, 8, 57, 24
13: 9, 49, 0
14: 33, 5, 34, 55
15: 8, 40, 46
16: 14
17: 40, 30, 16, 0
18: 24
19: 54
20: 50, 41
21: 15, 57
22: 4, 26, 49, 39, 34
23: 29
24: 5, 39
25: 6, 6, 46, 42, 1
26: 31
27: 53, 5
28: 16, 50, 24
29: 18
30: 38, 49, 62, 31
31: 20, 56, 47, 8, 49
32: 28, 26, 10, 7, 10
33: 55, 47, 59, 59
34: 15, 47
35: 41, 25, 54
36: 9, 40, 37
37: 35, 41
38: 16, 28
39: 47, 30, 13, 56
40: 35, 14
41: 50, 17, 41, 59, 0
42: 9
43: 61, 61
44: 52, 31, 16
45: 51, 62, 44, 34
46: 56, 34, 31, 41, 45
47: 15, 47
48: 6
49: 40, 26, 56, 52
50: 34
51: 41, 15, 59
52: 27, 10, 35, 56
53: 22, 28
54: 9
55: 32, 35, 22, 47
56: 44, 45
57: 24, 56
58: 50, 60, 19
59: 43, 55, 9, 19
60: 25, 60, 30, 0, 42
61: 54, 0, 46, 29
62: 54