# Number of Floors, Capacity
49, 5
# Floor Requests
0: 15, 15, 30
1: 16, 29, 12, 11
2: 0
3: 27, 36, 34
4: 42, 20
5: 23, 27
6: 4, 21
7: 47, 3
8: 7, 0, 33
9: 16, 31, 40, 34, 42
10: 43, 34
11: 28
12: 6, 16
13: 37, 43
14: 35
15: 21, 22, 21, 42
16: 26, 26, 46, 24, 27
17: 1, 24, 4, 35
18: 42, 41, 0, 1, 35
19: 34, 42, 9
20: 22, 15, 30, 23, 27
21: 37, 35, 41
22: 28, 44, 46, 22
23: 11, 10, 19, 32, 15
24: 35, 32, 6
25: 13, 24, 27, 29
26: 24
27: 25, 21, 21, 12, 12
28: 24
29: 24
30: 0, 11
31: 42, 2
32: 47, 11
33: 23, 6, 0
34: 34, 32, 20, 22, 12
35: 35
36: 21, 34, 8, 29, 13
37: 17, 47, 15
38: 23
39: 13, 14, 19, 48
40: 31, 30, 35
41: 19, 20, 14, 18, 1
42: 48, 22, 12, 46, 32
43: 29
44: 13, 47, 34
45: 45, 38, 9
46: 35, 8, 19, 39, 23
47: 26
48: 10, 36, 12, 18, 37