# Number of Floors, Capacity
26, 8
# Floor Requests
0: 3, 18, 2, 25
1: 13, 5
2: 5
3: 14, 15, 10, 2, 0, 22, 1
4: 8, 0
5: 7, 0, 24, 11, 9, 4, 20, 8
6: 15, 25, 22, 20
7: 17, 10, 18, 25, 16
8: 2, 24, 2, 20, 13, 24
9: 3
10: 0, 21, 8
11: 12
12: 13, 21, 15, 23, 0, 9
13: 25, 0
14: 22, 15, 5, 10, 20
15: 14, 10, 21, 14, 16, 21, 16
16: 5, 1, 9, 9, 19, 12, 7
17: 5, 13, 16, 9
18: 10, 15, 20, 6, 24, 8, 1
19: 10, 14, 0, 11, 16, 25, 14, 9
20: 12, 22, 10, 22, 19, 14, 19
21: 5, 23, 11, 18
22: 14, 15, 24, 25, 0, 11
23: 4, 11, 21, 16, 21, 11, 7
24: 17, 9, 3, 2, 16
25: 12, 4, 12, 14