# Number of Floors, Capacity
30, 8
# Floor Requests
0: 26, 5, 2
1: 28, 5, 2, 20, 14
2: 2, 24
3: 18, 14, 20
4: 27, 0, 24
5: 12, 28, 0, 2
6: 15, 17, 11, 29, 18, 20, 4, 7
7: 4, 10, 29, 24, 22
8: 23
9: 4
10: 4, 7, 17, 5
11: 28, 21, 8, 2
12: 6, 1
13: 24, 9
14: 10, 18, 15
15: 20
16: 23, 5
17: 6, 20, 26, 25, 27
18: 17, 7, 25, 23, 23, 19, 8, 18
19: 17, 11, 19, 19, 15, 10, 17
20: 20, 20, 24, 20
21: 27, 24, 3, 15
22: 4, 24, 16, 3, 13
23: 16, 22, 5, 3, 14, 27, 2, 15
24: 24, 19, 21, 11, 3, 11, 0
25: 23, 10, 20, 26, 29
26: 27, 16, 21, 29
27: 9, 28, 16, 21, 19, 2, 23, 27
28: 22, 24, 2
29: 24, 7, 29, 14, 26, 7, 7, 29