# Number of Floors, Capacity
59, 5
# Floor Requests
0: 30
1: 15, 28
2: 31
3: 27, 11, 15
4: 58, 31
5: 36, 10, 9, 17, 52
6: 25, 0, 26, 36, 11
7: 52, 2, 54
8: 42, 24, 58, 24
9: 20, 31, 50, 7, 13
10: 52, 56, 34, 47
11: 18, 39
12: 24, 9, 4, 56, 55
13: 6, 55, 14, 10, 57
14: 52, 11, 45, 31
15: 55
16: 31, 41, 18, 46, 23
17: 55
18: 47, 55, 7
19: 48, 43, 45, 9
20: 45, 47
21: 20, 0, 12, 40
22: 3
23: 33, 20, 23, 44
24: 48, 11, 41, 50
25: 36, 57, 1, 58
26: 17, 35
27: 0, 54, 16, 49, 45
28: 34
29: 36
30: 18, 57
31: 24, 55, 53
32: 13
33: 53
34: 31, 2
35: 16, 18, 31, 29
36: 9, 50, 46, 7, 48
37: 45, 36, 51, 16, 27
38: 4
39: 40, 14
40: 40, 47, 7, 31
41: 43, 35
42: 13
43: 33, 19, 12
44: 33
45: 39, 7
46: 9, 40, 23
47: 39, 32
48: 51
49: 16, 58, 30, 30
50: 49, 10, 53
51: 4, 18, 0, 54
52: 31, 31, 32, 34, 31
53: 15
54: 45, 12
55: 27, 29
56: 44, 19, 48
57: 33, 12, 36, 9
58: 27, 36, 28, 15, 41