# Number of Floors, Capacity
26, 8
# Floor Requests
0: 8, 24, 7, 14, 12, 11, 7, 3
1: 0, 14, 12
2: 18, 2
3: 1, 25, 5
4: 25, 15
5: 11, 18, 20, 23
6: 2, 10, 17, 12, 5
7: 12, 19, 3, 9, 25
8: 9, 4, 11, 16
9: 16, 1, 13, 18, 12
10: 14, 21, 7, 21, 4, 17, 23
11: 4, 16, 24, 24, 19, 17
12: 15, 14, 4, 14, 17, 3, 13
13: 0, 17, 17, 1, 17, 14
14: 3, 21, 13, 4, 6, 25
15: 20
16: 0, 22, 13, 25
17: 1, 16, 4, 25, 2, 5, 13, 21
18: 5, 25
19: 18
20: 3, 3, 1, 13, 16, 16, 18, 8
21: 24, 7, 16, 19, 17, 15, 13, 22
22: 10, 17, 7, 23, 5, 22
23: 5, 13, 13
24: 12, 11, 24, 23, 11, 15, 9, 16
25: 4, 9, 13, 9, 3, 24, 0