# Number of Floors, Capacity
98, 5
# Floor Requests
0: 81, 81, 64
1: 2
2: 40
3: 83, 41
4: 14, 68, 35, 91, 73
5: 84, 48, 65, 8
6: 45, 78
7: 22, 75
8: 52
9: 52, 7
10: 87, 92, 15
11: 46, 67, 31, 91
12: 21, 74
13: 50, 88
14: 36, 89, 75, 66, 15
15: 36, 82
16: 92, 56, 87
17: 20, 2
18: 50, 6, 26, 80, 81
19: 85
20: 37, 91, 52, 48
21: 68, 9
22: 64, 57, 7, 15
23: 76, 34, 97
24: 55, 16
25: 11
26: 90, 55
27: 9, 52
28: 41, 10
29: 4, 72, 61, 4, 87
30: 88
31: 75, 8
32: 67, 91, 10, 60, 49
33: 71, 80, 17, 95
34: 95, 11
35: 20, 8, 30, 37
36: 27, 13, 30
37: 71, 43
38: 82, 38
39: 61, 91
40: 57, 6, 60, 43
41: 36, 44
42: 94, 59, 19
43: 96, 78, 85, 69, 1
44: 5, 45
45: 11, 78, 35, 28
46: 81, 27, 1
47: 39
48: 13, 38, 60
49: 6, 70
50: 14, 19, 94
51: 48, 75, 58, 2
52: 59
53: 75, 4, 52, 87, 75
54: 47, 75, 46
55: 27, 34, 49
56: 59, 76, 7, 57, 97
57: 49, 86, 66, 70, 65
58: 87, 41
59: 59, 56, 97, 15, 67
60: 33
61: 58, 78
62: 75, 15, 81, 94
63: 18
64: 81
65: 81, 73
66: 57, 70, 1, 89, 29
67: 30, 34, 86, 52, 67
68: 78, 26
69: 94, 92
70: 40, 91, 59, 94, 75
71: 82, 3, 56, 31
72: 27, 20, 3, 28
73: 48, 60, 71, 9, 89
74: 28, 35, 43
75: 97, 67, 55
76: 26
77: 35, 31, 96, 72
78: 89
79: 50, 17, 87, 37
80: 47, 86, 29, 43
81: 49, 31
82: 95
83: 52, 78, 87
84: 39, 68, 41, 69, 61
85: 56, 59
86: 26, 87, 88, 59
87: 74, 37, 26
88: 63, 43, 30
89: 92, 62, 91, 87
90: 33, 39
91: 34, 5, 82
92: 92
93: 37
94: 15, 93, 55, 64, 50
95: 64, 42, 39, 68
96: 39, 78, 58, 63, 12
97: 60, 12, 92