# Number of Floors, Capacity
94, 5
# Floor Requests
0: 34, 49, 60, 79
1: 2, 22
2: 50, 26
3: 20, 42, 40
4: 23
5: 18, 14, 15
6: 37, 34, 59
7: 28, 65, 0, 51
8: 12, 10, 84, 20
9: 21, 90, 91, 85
10: 34
11: 1, 50, 61
12: 58
13: 27, 90, 66
14: 9, 42, 48, 21
15: 73, 28, 32, 19, 55
16: 38
17: 33
18: 82, 24
19: 22, 59
20: 63, 64, 84, 69, 90
21: 32
22: 27, 10, 21, 91, 68
23: 26, 92, 61, 82, 40
24: 0, 11
25: 56
26: 87, 9
27: 70, 85, 33, 84, 21
28: 28, 43, 61, 5, 39
29: 71
30: 80, 44, 45, 12
31: 84, 73, 6
32: 1, 84
33: 8, 9, 41
34: 79
35: 93, 82, 14
36: 59
37: 39, 41, 35, 59
38: 71, 46, 76, 90
39: 35, 61, 39, 15
40: 90, 34, 40
41: 85, 25
42: 46, 37, 5, 37
43: 60, 88, 57
44: 27, 72
45: 4, 37, 86, 13
46: 51, 21, 40
47: 18, 59
48: 27
49: 1, 90, 2, 50, 81
50: 45, 49, 64, 57, 70
51: 30, 86, 77, 27
52: 19, 75, 34
53: 1, 0, 9
54: 78, 14, 88
55: 11, 57, 29, 8
56: 56, 70, 41, 51
57: 16, 72, 13, 53, 70
58: 25
59: 76
60: 20, 39, 49
61: 30, 58, 88, 67, 57
62: 87, 35, 2, 46, 10
63: 7, 79, 65, 8, 29
64: 58, 46, 90, 75, 69
65: 88, 1, 85
66: 55
67: 63, 11, 32, 80
68: 73
69: 66, 82, 17
70: 81, 18, 75, 82
71: 50
72: 4, 60, 22, 26
73: 18, 1, 36
74: 41, 57, 81
75: 89
76: 72, 42, 31, 70
77: 55, 71, 38, 41, 35
78: 68, 25, 39, 32
79: 66, 48, 18
80: 34, 40, 35, 13, 54
81: 29
82: 5, 17, 21, 58
83: 57, 13, 60
84: 49
85: 81, 54, 67, 71, 4
86: 50, 73, 10, 52
87: 23, 78, 18, 33
88: 40, 75, 66, 4
89: 47
90: 7, 54, 14, 76, 19
91: 33, 75, 62, 31, 92
92: 56
93: 28, 56, 68, 28, 84