# Number of Floors, Capacity
29, 8
# Floor Requests
0: 11, 28, 0, 6
1: 27, 26, 13, 23, 6, 20, 18, 15
2: 2, 5, 21, 23, 12, 20, 21
3: 2, 11, 27, 18
4: 25
5: 13, 6, 6
6: 18, 16, 24, 21, 7, 23, 20
7: 11, 2, 24, 17, 8, 24, 23, 21
8: 2, 25, 26, 26, 12
9: 18, 14, 0, 18
10: 6, 0, 20
11: 7, 16
12: 13, 22, 2, 3, 4, 19
13: 27, 13, 11
14: 23, 15, 25, 21
15: 25, 18, 6, 14, 18
16: 16, 20, 9, 4
17: 14, 7, 15
18: 14, 28, 7, 21, 15, 21, 4, 24
19: 18, 10, 7, 21, 8
20: 25
21: 4, 20, 23, 22, 26
22: 19, 10, 7, 22, 18, 8, 9, 17
23: 13, 19, 4, 5, 9, 14
24: 20, 14, 2, 22, 16, 19
25: 16, 2, 11, 7, 3, 9, 15
26: 3, 10, 3, 28, 17, 9, 2, 13
27: 1
28: 6, 2, 7, 1, 19