# Number of Floors, Capacity
24, 8
# Floor Requests
0: 2, 6, 13, 15, 20, 17, 14
1: 4, 16, 9
2: 21, 14, 22, 23, 11, 1
3: 2, 19, 0, 2
4: 19, 0, 22, 6, 7, 23
5: 18, 13, 0, 10, 6
6: 21, 6, 18, 19, 2, 13, 19, 11
7: 4, 15, 19, 12, 8, 3
8: 13, 0, 6, 15, 1
9: 9, 3
10: 13, 8, 9, 18, 9
11: 11, 16, 22, 22, 17, 13, 15
12: 13, 6, 16, 13, 6
13: 3, 2, 9
14: 15, 12, 10, 10, 18, 11
15: 0, 23
16: 4, 13, 18, 7, 21, 11, 3, 13
17: 5, 4, 2, 2, 22
18: 15, 21, 7, 2, 7, 21, 13, 5
19: 11, 22, 21, 13, 5, 8
20: 23, 3, 11
21: 22, 0, 16, 20, 23, 2, 16
22: 12, 22, 9
23: 1, 8, 21, 14, 21, 17