# Number of Floors, Capacity
57, 5
# Floor Requests
0: 23, 4, 42, 6, 10
1: 54
2: 30, 18, 18, 0, 9
3: 55, 41, 7
4: 52, 16
5: 18, 41
6: 7, 37, 24, 13
7: 51, 35, 6, 37, 40
8: 47
9: 10
10: 27, 19, 47, 2, 54
11: 38, 5, 31, 16, 35
12: 43
13: 6, 38, 12, 29, 20
14: 42, 13, 53, 23, 39
15: 27, 25, 5
16: 22, 25, 55, 48, 42
17: 15, 23, 13
18: 47, 54, 56, 1, 20
19: 23, 54, 4, 28
20: 0, 23, 27, 54, 43
21: 50, 14, 55, 32, 28
22: 33, 10, 45, 15
23: 1, 13, 23
24: 46, 52
25: 20, 45
26: 41
27: 37, 1, 48, 18
28: 12, 11, 46, 45
29: 10, 9, 37, 28, 3
30: 27, 49, 24
31: 34, 42, 38, 27, 34
32: 1
33: 41, 11
34: 45, 12, 46, 22, 18
35: 46, 34, 4, 17, 36
36: 18, 8, 7, 6, 2
37: 15
38: 21, 13, 55, 31
39: 23, 55, 40, 40, 25
40: 35
41: 8, 21, 42
42: 8, 56, 6, 43
43: 0, 53
44: 23, 11, 22, 6
45: 53, 50, 11, 44, 38
46: 31, 30
47: 31, 46
48: 53, 17, 14, 11
49: 17, 34
50: 23
51: 28, 3, 30, 22
52: 38, 54, 47
53: 11, 6
54: 23
55: 48, 23, 47
56: 23, 50