# Number of Floors, Capacity
21, 8
# Floor Requests
0: 5, 3, 8, 7
1: 7
2: 0, 12, 1, 15, 10, 11, 15
3: 0, 16, 10, 20, 11
4: 13
5: 2, 3, 8, 8, 0, 11, 10, 3
6: 12
7: 4, 0, 19, 15, 2, 19, 16
8: 5, 15, 6, 13, 20, 12, 8, 12
9: 19, 17, 20
10: 4, 9, 16, 15, 5, 4, 20
11: 20, 2, 5, 13, 1, 10, 14
12: 8, 11, 10, 18, 19, 17, 17
13: 11, 6, 18, 19, 10, 0
14: 5, 8, 7, 7
15: 4, 18, 2, 0, 1, 16, 0
16: 13, 0, 16, 17, 2, 1
17: 7, 12, 17, 19, 14
18: 15, 15, 3, 15, 0, 9, 5, 18
19: 13, 11, 6, 17, 14, 17, 7, 10
20: 7, 11, 0