# Number of Floors, Capacity
73, 5
# Floor Requests
0: 4, 71, 71
1: 16
2: 54, 53
3: 18, 26, 46, 66, 44
4: 1
5: 5, 18, 56, 46
6: 38
7: 64, 15, 47, 63, 63
8: 40, 68, 62
9: 36, 24, 9
10: 32, 48, 13, 46, 70
11: 54, 10, 42
12: 57, 60
13: 23, 66, 71
14: 63, 45, 38, 72, 7
15: 21, 63, 58, 45
16: 12, 29, 2, 0
17: 14
18: 29, 23, 7, 40, 9
19: 45, 68, 50, 38
20: 19, 51
21: 19, 34, 62, 15, 47
22: 71, 35
23: 19, 19, 43, 48
24: 63, 9, 63, 54, 52
25: 60, 1
26: 0, 2
27: 53, 31, 11, 41, 36
28: 50, 62, 65
29: 63, 42, 34, 34
30: 11, 32, 45
31: 65, 66, 34, 12, 57
32: 41, 4, 72, 0
33: 48, 21, 26
34: 10, 63
35: 48, 5
36: 39, 59
37: 42
38: 58, 61
39: 18, 15, 8, 41, 29
40: 26
41: 35, 72, 48, 29
42: 65, 27
43: 51, 60, 68, 12
44: 69, 61, 3, 9, 9
45: 16, 67, 45, 20, 38
46: 22
47: 60, 36
48: 53, 34, 49
49: 8, 61, 47
50: 8
51: 36, 28, 56, 30, 26
52: 66, 39, 31
53: 55, 13, 18
54: 8, 19, 61
55: 67
56: 3
57: 58, 8, 69, 22
58: 29, 18
59: 37, 69, 49, 23, 53
60: 6, 28
61: 21, 59, 5, 37
62: 18
63: 27, 12, 29
64: 24, 37
65: 22
66: 61, 4, 13
67: 30, 69
68: 23, 28, 13
69: 31, 46, 6
70: 29, 71, 16
71: 55, 42
72: 46