# Number of Floors, Capacity
87, 5
# Floor Requests
0: 49
1: 20, 34, 43, 59, 48
2: 85, 2, 35, 58, 83
3: 53
4: 73, 47, 27
5: 40, 43, 10
6: 75, 79, 48, 75
7: 67, 46
8: 18, 41, 76
9: 37, 8, 60, 51
10: 54, 45, 61, 43
11: 74, 31, 29
12: 80
13: 15, 77, 0, 69, 12
14: 69, 40
15: 19, 70, 84, 50, 76
16: 40
17: 72, 61, 25
18: 48, 57, 81, 25, 57
19: 80
20: 22, 76, 55
21: 80
22: 45, 33
23: 32
24: 39, 71, 72, 57
25: 28, 56, 37, 75
26: 36, 32, 45, 33
27: 19, 75, 67, 31
28: 40, 61, 65
29: 46, 67, 33, 59
30: 31
31: 47, 48, 57, 41
32: 38, 84, 55, 24
33: 31, 60, 22, 19
34: 33, 26
35: 84
36: 47, 15, 83
37: 8, 18, 28
38: 17
39: 41, 85, 68
40: 9, 27
41: 74, 15, 67
42: 36
43: 65, 3, 36, 62
44: 62, 84, 68, 73
45: 40, 65, 17, 9
46: 39, 4, 70
47: 34, 62
48: 67
49: 78, 80
50: 78, 8, 7, 64
51: 2, 12, 82
52: 86, 11, 45, 80
53: 82, 74, 7, 41
54: 21
55: 65, 20, 4, 45
56: 9, 79, 80, 2, 59
57: 68, 27, 39, 0
58: 62, 48, 4
59: 49, 29, 53
60: 63, 46
61: 67
62: 59, 56
63: 78, 8, 67, 2
64: 30
65: 72, 45, 86, 78, 22
66: 77, 13, 36, 78
67: 46
68: 53, 38, 82, 10
69: 45, 26, 59
70: 58, 77, 76
71: 16, 13, 65, 18
72: 28, 35, 69, 0
73: 37
74: 49, 45, 59
75: 35
76: 22, 64
77: 43, 43, 12
78: 32, 46, 39, 27, 33
79: 26
80: 83
81: 73, 23, 57, 4, 78
82: 80
83: 31, 28
84: 78, 4, 30
85: 62, 61, 83, 0
86: 7, 38, 20, 39