# Number of Floors, Capacity
56, 5
# Floor Requests
0: 15, 23, 16, 55, 8
1: 22, 11, 53
2: 48
3: 10
4: 10, 22, 33, 9
5: 28, 32, 27, 37
6: 39, 0, 43, 22
7: 33, 1, 47, 3, 51
8: 23, 7, 7, 22
9: 47
10: 51
11: 11, 27
12: 40, 45, 37, 32
13: 23, 11
14: 53, 16
15: 45, 48
16: 19, 19
17: 23, 38, 14, 8, 30
18: 32
19: 54
20: 2
21: 30, 3
22: 11, 32, 18
23: 19
24: 39
25: 9, 28, 13, 39, 7
26: 51, 29, 19, 18, 33
27: 31, 2, 18, 44, 51
28: 27, 7, 5, 0
29: 16, 15, 8, 33, 46
30: 0, 42, 19
31: 34, 14, 17
32: 33, 24
33: 45
34: 43, 26, 12, 35
35: 28
36: 20, 51, 18
37: 1
38: 48, 9, 43, 32
39: 36, 26, 50, 20, 17
40: 26, 43, 18
41: 11, 17
42: 14, 39, 26, 16
43: 16, 6, 5
44: 54, 55, 6
45: 9, 37
46: 12, 38, 10
47: 29
48: 1, 45, 51
49: 32, 34, 53, 18
50: 21
51: 16, 30, 15, 16
52: 21, 21, 43
53: 37, 43, 15
54: 39
55: 30, 18, 17, 5