# Number of Floors, Capacity
75, 5
# Floor Requests
0: 60, 1, 51, 64
1: 11, 21
2: 17, 59
3: 24, 39
4: 72, 12
5: 2
6: 17
7: 18, 41, 28, 71
8: 37, 22, 2
9: 22, 17, 25, 58, 33
10: 67, 11, 31, 21
11: 19, 0, 57, 59, 17
12: 9, 23, 30, 29, 41
13: 72, 35, 42
14: 3
15: 66, 63
16: 12, 25
17: 62, 61, 58
18: 19, 52, 24
19: 39, 42
20: 74
21: 3, 5, 50, 72, 54
22: 51, 58, 7
23: 67, 39
24: 8, 6
25: 5, 11, 9, 71
26: 19, 33, 47, 67
27: 74, 44, 18, 53, 65
28: 14
29: 7, 20, 2
30: 22, 66, 39, 70, 1
31: 8, 30, 0, 69, 20
32: 47
33: 2, 65
34: 48, 71, 18
35: 38
36: 9
37: 46, 41, 19
38: 48, 16, 33, 65, 66
39: 0, 14, 46
40: 26, 72, 73
41: 14, 58, 26, 54, 20
42: 27
43: 8, 30, 57, 28
44: 18, 74
45: 35, 23, 73, 71
46: 11, 43, 9
47: 40, 38, 70, 65
48: 1, 69, 19, 59, 10
49: 62, 20
50: 3, 72, 11
51: 9
52: 40, 12, 66, 1, 73
53: 64, 16, 58, 1, 22
54: 63, 70, 27, 67
55: 4, 36, 51, 18, 33
56: 21, 28
57: 66
58: 2, 50, 55, 57
59: 60
60: 73
61: 41, 67, 59
62: 70
63: 29, 17, 41
64: 31
65: 45
66: 54, 44, 51, 3
67: 51, 51, 69
68: 74
69: 26, 5
70: 18, 39
71: 32, 41
72: 54, 15, 47
73: 34, 14, 66, 25, 29
74: 59