# Number of Floors, Capacity
71, 5
# Floor Requests
0: 43, 36, 10, 37
1: 9, 47, 42, 14, 10
2: 38
3: 64, 19, 60, 57
4: 9, 23
5: 60, 66
6: 8, 54, 16, 66, 19
7: 64, 47, 46, 1
8: 18, 69, 15
9: 49, 34, 70
10: 38, 59, 36, 2
11: 38, 2
12: 40, 24, 14
13: 27
14: 61
15: 49, 33, 28, 66, 18
16: 7, 54, 60, 9
17: 43, 23, 61, 45
18: 17, 24
19: 60
20: 42, 68, 29, 35, 54
21: 59, 33, 57, 26
22: 0, 67, 60, 65, 63
23: 19, 58
24: 7, 33, 66
25: 43, 10, 27, 11, 52
26: 9, 3, 42, 6
27: 65, 29, 23, 58, 60
28: 42
29: 8, 54
30: 26, 59, 34, 68, 40
31: 39
32: 58, 46, 45
33: 57
34: 50, 37
35: 60, 14, 67, 30
36: 4, 45, 21, 33
37: 5, 29, 23
38: 67, 0, 17, 53
39: 38, 46, 34, 19, 4
40: 49, 38
41: 11
42: 5, 48, 7, 58
43: 68, 39, 2, 56
44: 52, 66
45: 34, 31, 68, 59, 16
46: 28, 56, 0, 60, 64
47: 29, 28, 17, 9, 47
48: 52, 58, 19, 70
49: 11, 50, 5, 49, 62
50: 23
51: 14, 17, 57, 67, 30
52: 3, 61, 55
53: 54, 60, 21
54: 29, 62, 54, 70
55: 37
56: 40, 65
57: 23, 59, 57
58: 20
59: 65
60: 44, 4, 38, 70
61: 23
62: 4
63: 62, 35, 15, 27, 39
64: 53, 43, 37, 57
65: 39, 5
66: 42, 40
67: 50, 16
68: 43, 46, 28
69: 26, 21, 30
70: 44, 59, 50