# Number of Floors, Capacity
87, 5
# Floor Requests
0: 28, 34, 66, 13, 9
1: 72
2: 42, 67, 2, 46
3: 54, 34, 25, 59, 20
4: 52, 35
5: 12
6: 20, 71, 27
7: 44
8: 85, 83, 2
9: 51, 33, 46
10: 36, 52, 74, 49, 2
11: 83, 43, 24, 81, 33
12: 72
13: 40, 66
14: 67, 14, 22, 2, 20
15: 71, 49, 32
16: 84, 5
17: 70, 13, 8, 50, 35
18: 58, 32, 84, 45
19: 85, 32, 37, 21
20: 4, 62, 9
21: 1, 79, 78, 14, 64
22: 59, 74, 75
23: 28, 44, 38, 13, 61
24: 21, 20, 65, 33
25: 71, 46, 44, 79, 48
26: 35, 68
27: 52, 28
28: 18, 60, 29, 25
29: 59, 69, 84
30: 11, 14, 65, 51, 52
31: 14
32: 77, 59, 26, 53, 55
33: 86, 72, 56
34: 58, 83, 65, 14
35: 69, 39, 16, 68, 66
36: 39, 68
37: 59, 27
38: 41
39: 0, 52, 18, 38, 9
40: 2
41: 48, 84, 49
42: 59
43: 23, 8
44: 85, 32, 35
45: 85
46: 15, 22, 78
47: 50
48: 53
49: 15, 41, 49
50: 30
51: 64, 75, 2
52: 53, 60, 28, 29, 20
53: 7
54: 3, 39, 34
55: 34, 81, 0
56: 63, 12, 57, 8, 16
57: 24, 10
58: 8, 67, 43
59: 14, 26, 86, 44
60: 84, 23, 47, 8, 20
61: 21, 23
62: 53, 62
63: 10, 40
64: 73, 64
65: 56
66: 20, 0, 54, 55
67: 56, 70, 80
68: 12
69: 20
70: 25, 49, 21, 70
71: 42
72: 84, 33
73: 35, 62, 34
74: 57, 20, 54, 26
75: 47, 2, 57, 44
76: 79, 58, 13
77: 38, 4, 45
78: 58, 22
79: 19, 69, 66, 1
80: 10, 78, 51, 59
81: 22, 1, 35, 69
82: 85, 30, 67
83: 38, 56, 43, 51
84: 2, 27
85: 73
86: 17, 15