# Number of Floors, Capacity
30, 8
# Floor Requests
0: 27, 7, 21, 11, 9, 3, 29
1: 16, 28, 23, 2, 4
2: 3, 21, 14, 10, 24, 20, 23
3: 15, 19, 27, 26, 14, 2, 4
4: 16, 3
5: 12, 9, 3, 25, 9, 3
6: 23
7: 27, 21, 13, 8, 6
8: 12, 17, 6, 7, 17, 18, 12
9: 7, 17, 18, 26, 21
10: 25, 26, 15, 29, 18, 25
11: 5, 16, 27, 10
12: 18, 1, 3, 10, 21, 9, 17, 11
13: 15
14: 29
15: 20, 12, 14, 24
16: 28, 5
17: 19, 3, 18, 18, 20, 28, 2, 25
18: 9, 1, 21, 29, 24, 0, 4
19: 9, 18, 3, 27, 4, 5, 5, 7
20: 18, 15, 9
21: 19, 26, 27, 6, 17
22: 5, 27, 12, 27
23: 25, 4, 26, 14, 17, 26
24: 11
25: 21, 18, 11, 17, 28
26: 23, 29, 16, 20, 18, 0
27: 20
28: 29, 7, 7, 19, 0, 6, 7, 5
29: 0, 24, 10