# Number of Floors, Capacity
42, 5
# Floor Requests
0: 1, 19, 40, 8, 26
1: 30, 26, 27, 23, 36
2: 1, 9, 0
3: 8, 6, 14, 23, 6
4: 11, 4, 0, 24, 15
5: 34, 19, 28, 41, 36
6: 36, 2, 38
7: 7, 33, 28, 5
8: 36, 41, 26
9: 29, 36, 11, 16, 18
10: 24, 37, 26, 31
11: 21
12: 6, 16, 12, 26
13: 22, 2, 31
14: 24, 3
15: 31
16: 12
17: 5, 21
18: 41, 26, 11, 39
19: 9, 16, 10, 24, 2
20: 1, 9
21: 28, 5
22: 32, 14, 2, 10
23: 12, 41, 26, 39
24: 16
25: 13, 25, 22, 40, 38
26: 22, 22
27: 17, 0, 13, 28
28: 15, 41, 1
29: 23
30: 25
31: 6
32: 2
33: 34, 36, 15, 31, 5
34: 25, 39, 10, 25
35: 37, 16, 12, 29, 32
36: 11, 29, 12, 38, 26
37: 23, 8, 0, 26, 5
38: 17, 14, 25
39: 30
40: 40, 8, 14, 34
41: 22, 20, 20