# Number of Floors, Capacity
89, 5
# Floor Requests
0: 0, 40, 53
1: 2, 88, 5, 55
2: 74, 13, 63, 51, 61
3: 16
4: 22, 70, 88
5: 46
6: 34, 67
7: 26
8: 47, 84, 44, 8
9: 74, 53, 43, 73, 49
10: 87, 78, 62
11: 17, 87, 18
12: 38, 24, 31, 6, 53
13: 34, 27, 23
14: 8
15: 21
16: 63
17: 46, 83
18: 14, 80
19: 28
20: 36, 74
21: 30, 65, 60, 66
22: 64
23: 25, 19, 63
24: 35, 85
25: 82
26: 0, 27, 6
27: 84, 42, 16
28: 54, 25
29: 9
30: 0, 40, 29, 22, 9
31: 5, 63, 17, 76
32: 24
33: 65, 59
34: 47, 80, 41, 4
35: 72, 27, 8
36: 61, 68, 56, 3, 42
37: 9, 48
38: 70
39: 87, 85, 18, 30, 44
40: 4, 20, 47, 19
41: 76, 28, 30
42: 13, 72
43: 65, 17, 55, 46
44: 1, 38, 65, 86
45: 2, 74, 63, 67, 11
46: 36, 75
47: 47
48: 76
49: 79, 22
50: 82
51: 75
52: 24
53: 28
54: 23, 28
55: 6, 71, 61, 65, 83
56: 10, 84, 0, 9
57: 46, 16, 55, 65, 82
58: 11, 67, 0, 18, 5
59: 10, 8
60: 78, 36, 48
61: 85, 17, 61, 41, 73
62: 76, 79, 1, 83
63: 35, 25, 24, 66
64: 51, 47
65: 40, 81, 16, 53, 4
66: 74, 34, 17, 64, 15
67: 62
68: 64, 27, 6, 85
69: 80, 9, 8, 85
70: 76, 41, 75, 83, 8
71: 53
72: 17
73: 88
74: 21, 10
75: 73, 84
76: 9, 50, 6, 3
77: 18
78: 10, 7, 63, 80
79: 39, 37
80: 2, 11
81: 15, 62, 83, 39, 64
82: 17, 25
83: 44, 55, 6
84: 84
85: 35, 9, 65, 84
86: 43, 61, 30, 80
87: 40, 20, 68, 3, 13
88: 83