# Number of Floors, Capacity
25, 8
# Floor Requests
0: 11, 2, 20, 10, 14, 19, 18, 2
1: 7
2: 4, 16, 15, 17, 24, 14, 15, 15
3: 12, 2, 19, 3, 13, 17, 7
4: 22, 18, 17
5: 18, 18, 21, 23, 4, 8
6: 3, 23, 8, 7, 4, 6
7: 13, 16, 0, 2, 23, 13, 5
8: 15, 13, 19, 4, 22, 11, 9, 8
9: 7, 8, 21, 5, 13, 2
10: 11, 4, 19, 5, 7, 4, 14
11: 16
12: 22, 12, 22, 6, 0, 12
13: 15
14: 6
15: 8, 7, 10
16: 19, 23, 20, 6, 19, 17, 9
17: 10, 22, 7, 24, 22, 13, 6
18: 9, 24, 12
19: 16, 24
20: 1, 23
21: 1, 5, 10, 3
22: 1
23: 20, 11, 0
24: 7, 1, 22, 19, 1, 10