# Number of Floors, Capacity
63, 5
# Floor Requests
0: 37, 9, 59, 9
1: 3, 11
2: 14, 58, 61, 35
3: 0
4: 19, 46
5: 36, 12, 24
6: 12
7: 7
8: 57, 20
9: 20
10: 1, 17, 53
11: 25, 31, 55
12: 16, 9
13: 27
14: 26, 61
15: 21
16: 0, 62, 19
17: 16, 53, 24, 12
18: 24
19: 42, 49, 45, 17, 8
20: 45, 27, 43, 21
21: 31, 2, 30
22: 28, 18, 61
23: 3, 45, 12
24: 22, 50, 10, 55, 47
25: 57, 35, 8, 24
26: 11, 61, 2, 25
27: 23, 52, 40
28: 57
29: 51, 5, 26, 35
30: 5, 2, 58
31: 57, 20, 19
32: 13, 55, 12, 26, 39
33: 14
34: 4, 0
35: 44, 50, 56
36: 12, 41
37: 26, 18, 6, 40, 14
38: 55
39: 28, 31, 54
40: 42, 6, 18, 16, 25
41: 29, 18, 13, 41, 21
42: 30, 33
43: 50
44: 19
45: 59
46: 5, 0
47: 30, 40, 49, 2
48: 11, 22, 15, 20, 52
49: 36, 20, 38, 24
50: 55, 26
51: 19, 47, 15, 25
52: 46, 53, 57, 7
53: 44, 49, 61, 47
54: 55, 31, 18
55: 52
56: 9, 45, 54, 41, 60
57: 48, 18, 38, 5
58: 3, 38, 7, 47, 30
59: 46, 4
60: 30
61: 6, 33, 33
62: 60, 55, 7