# Number of Floors, Capacity
28, 8
# Floor Requests
0: 19, 20, 24, 16, 23, 27
1: 4, 7, 18, 8, 24, 8
2: 15, 6, 12
3: 22, 16
4: 25, 15, 0, 10, 21
5: 7, 25
6: 27, 5, 5, 18, 18
7: 15, 26, 5, 16, 5, 15, 6
8: 24, 0
9: 14, 0, 4, 10, 23, 0
10: 11
11: 19, 27, 5, 26, 16, 27, 3
12: 6, 22, 24, 1, 8, 6, 11
13: 22
14: 5, 11, 18
15: 8, 24, 2
16: 11, 26, 22
17: 25, 0, 16
18: 6, 19, 7, 23, 24, 13, 21, 14
19: 2
20: 22
21: 12, 27, 10
22: 24
23: 19, 18, 5, 12, 26, 21, 0
24: 3, 9, 23, 2, 7
25: 10, 4, 3
26: 23, 23, 24, 11, 11, 3, 7, 12
27: 6, 15, 17, 11, 19