# Number of Floors, Capacity
94, 5
# Floor Requests
0: 65
1: 39, 4, 9, 72, 88
2: 79, 26
3: 35, 85, 30, 5
4: 78
5: 44, 49
6: 84, 81, 13
7: 40, 62, 40, 54, 31
8: 54, 51
9: 31
10: 76, 23, 77, 25, 89
11: 51, 83, 77
12: 11, 20
13: 53
14: 3, 16, 27, 24
15: 49, 33, 44, 25, 1
16: 65, 89, 24, 29
17: 25, 63
18: 7, 82, 91
19: 91, 88
20: 58, 57, 80, 55
21: 90, 41, 69
22: 64, 88
23: 11, 23, 9, 42, 38
24: 24
25: 13, 63, 24
26: 67
27: 18, 31
28: 8
29: 11, 59
30: 44, 69, 4
31: 75, 12, 32
32: 35
33: 48
34: 81, 26, 74, 35
35: 21, 4, 42
36: 66
37: 46, 48, 27
38: 8, 26, 59, 93, 41
39: 11, 86
40: 21
41: 3, 7, 67, 59
42: 85, 69, 29, 10, 71
43: 27, 59, 61, 0, 77
44: 0, 65, 3, 84, 12
45: 44, 17
46: 7, 61, 93, 54, 62
47: 20, 22
48: 22, 88, 67, 18, 3
49: 7, 14, 33, 92
50: 65
51: 50, 51, 5, 34, 30
52: 2, 10
53: 78, 47, 50, 42, 19
54: 31, 14
55: 60, 36, 36, 65
56: 11
57: 83, 19, 79, 88, 4
58: 0
59: 31, 0, 86, 79, 6
60: 47, 21, 0, 68
61: 40, 86, 47, 19
62: 33, 3, 51, 49, 14
63: 37, 70, 86
64: 1, 7, 36, 8, 92
65: 87, 72, 2
66: 38
67: 61, 28
68: 81, 23, 42, 25
69: 49, 19, 28, 87, 63
70: 14, 33, 55, 93
71: 92
72: 81, 18, 13, 66
73: 34
74: 28, 55, 93
75: 67, 3, 76, 19, 31
76: 72, 77, 35, 74
77: 25, 28
78: 50
79: 47
80: 78, 57, 66, 11, 59
81: 53
82: 15, 76, 4, 16, 33
83: 57
84: 11, 30
85: 88
86: 9, 93, 31
87: 41, 58, 38
88: 35, 78, 3, 59, 90
89: 86
90: 19, 20, 29
91: 59
92: 4, 64, 81
93: 31, 86, 89