# Number of Floors, Capacity
40, 5
# Floor Requests
0: 5
1: 14, 16, 30, 21, 0
2: 22, 38, 32, 33, 39
3: 28, 5
4: 15, 6, 2, 12
5: 38, 16, 21
6: 31, 15
7: 20, 6, 33
8: 1
9: 20, 11
10: 19, 15, 33, 29, 34
11: 2, 39, 5
12: 38, 20, 16, 30
13: 33, 7, 10
14: 9
15: 19, 37, 1
16: 32
17: 6, 17, 24
18: 1, 11
19: 6, 0, 5, 6
20: 25, 6, 35
21: 30, 3, 23, 35, 37
22: 29, 11, 13, 0
23: 39, 6, 2, 37
24: 28, 26, 4, 19
25: 32, 19, 20
26: 10, 38, 38, 28, 3
27: 15, 32, 11
28: 4, 17, 29, 30, 35
29: 25
30: 35
31: 21, 27, 17
32: 33
33: 12, 3, 18, 29
34: 13, 3
35: 33, 20, 31, 23, 10
36: 21
37: 38, 34
38: 31, 36, 18, 32, 22
39: 21, 3, 23