# Number of Floors, Capacity
29, 8
# Floor Requests
0: 11, 2, 2, 23, 11
1: 4, 16
2: 7, 23, 28
3: 4, 3, 3, 4, 22
4: 15, 25, 10
5: 15, 20, 13
6: 27, 24, 14, 4, 21, 9, 26
7: 11, 4, 16, 11, 12, 21, 26
8: 24, 14, 23, 13, 19
9: 22, 22, 25, 24, 28, 6
10: 2, 8, 9
11: 26, 5, 9, 15, 3
12: 15, 21, 21
13: 14, 15, 21, 19, 13, 26, 10, 9
14: 13, 2, 3, 0, 4, 9, 15
15: 4, 21, 17, 5, 8, 25, 21
16: 15, 27
17: 24, 28, 23, 19, 20
18: 13, 0, 3, 21
19: 10, 10, 9, 12, 7
20: 19, 23, 13, 22, 3, 9, 8, 1
21: 27, 22, 22, 20, 17, 26
22: 27, 11, 11, 12, 3, 28
23: 24
24: 7, 17, 19, 12, 16
25: 15, 25
26: 15
27: 7, 20, 14, 28, 9, 6
28: 19, 16, 21, 16, 19, 25, 21