# Number of Floors, Capacity
30, 8
# Floor Requests
0: 1, 6, 23, 5, 4
1: 7, 25, 14, 18, 12, 23, 22, 20
2: 7, 3, 26, 25
3: 26, 20, 11
4: 15, 23, 5, 28, 7, 10
5: 19, 29, 22, 28, 24, 19, 4
6: 4, 4, 7, 15, 18, 18, 2, 0
7: 5, 14, 9, 12, 7, 10, 26
8: 28, 11, 19, 9, 6, 10, 27, 6
9: 6
10: 11, 6, 22, 13, 12, 23
11: 18, 14, 29, 8, 27, 27, 26
12: 18, 17, 20, 28, 12
13: 14, 14, 2, 10, 18
14: 6, 28, 19, 17, 3
15: 15, 24, 18, 26, 28, 3, 5
16: 0, 18, 9, 25, 13, 22, 7, 14
17: 19, 10
18: 5, 0, 21, 2, 15, 19
19: 11, 25, 21, 16
20: 4, 0, 17
21: 24, 15, 11, 18, 16, 2
22: 21, 29, 5, 6, 14, 17
23: 25, 0
24: 18
25: 29, 11
26: 26
27: 7, 9, 28, 7, 6, 3
28: 2
29: 22, 26, 26, 20, 24, 4