# Number of Floors, Capacity
25, 8
# Floor Requests
0: 23, 23, 6, 1, 16
1: 22, 7, 22, 23, 18
2: 10, 7, 6, 9, 11
3: 20, 0, 10
4: 20, 7, 3, 24, 5, 4, 16
5: 13, 16
6: 11
7: 24, 15, 22, 1, 3
8: 13, 13, 11, 18, 14, 2, 17, 13
9: 19, 11, 9, 18
10: 3
11: 21, 21, 24, 15, 20, 0
12: 2, 16, 2, 15
13: 2, 0, 22, 19, 24, 19, 21, 19
14: 7, 19, 17, 11, 3, 1, 14, 13
15: 14, 8, 11, 21, 22, 20, 9, 5
16: 13
17: 12
18: 3, 13
19: 19, 11, 17, 16, 1
20: 19, 7, 6, 1, 24, 4, 22
21: 18, 3, 23, 0, 14
22: 1, 1, 4, 20, 1, 6, 9
23: 10, 14
24: 13