# Number of Floors, Capacity
27, 8
# Floor Requests
0: 2, 0, 15, 24, 2, 23
1: 5, 24, 2, 22, 25
2: 26, 17, 12, 13, 16, 6
3: 1, 26, 3, 24
4: 3, 24, 19, 1, 1
5: 23, 10, 5, 2, 8
6: 9, 18, 24, 0
7: 17, 3, 20, 15, 19, 13
8: 20, 1, 8, 24, 10, 0, 26
9: 25, 25, 15, 6, 25, 2, 18, 5
10: 23, 21, 21
11: 11, 10, 22
12: 1, 5, 9, 21, 6
13: 6, 14, 5, 8, 22
14: 5, 2, 24, 9, 24, 22, 16, 20
15: 25, 10, 22, 13
16: 2, 17, 10, 12, 10, 0
17: 8, 13, 24
18: 25, 9
19: 21, 23
20: 9, 0
21: 18, 26, 23, 21
22: 3, 26, 23
23: 4, 16, 23
24: 23, 20, 15, 25
25: 18, 12, 20, 8
26: 8, 18, 23, 11, 9