# Number of Floors, Capacity
27, 8
# Floor Requests
0: 7, 26, 4, 2, 18, 13, 7
1: 20, 13, 23
2: 6, 0, 3
3: 23, 11, 18
4: 8, 14, 20, 17
5: 3, 0, 15, 3
6: 19, 1, 0, 1, 18, 5
7: 3, 26, 12, 20
8: 21, 26, 25, 24, 3
9: 0, 15
10: 8, 21
11: 1, 25, 7, 13
12: 24, 19, 11, 25
13: 21
14: 3, 21, 21, 24, 3, 11, 25, 15
15: 22, 14, 4, 11, 12
16: 10, 1, 24
17: 7
18: 17, 13
19: 6, 16, 9, 7, 17, 1
20: 23, 5, 24, 14
21: 17, 23, 26, 9, 5, 12, 0
22: 8, 16, 5
23: 16, 5, 1
24: 25, 4, 17, 0, 16, 5, 20, 22
25: 26, 15, 26, 2, 11, 1
26: 9, 17, 6, 14