# Number of Floors, Capacity
56, 5
# Floor Requests
0: 37, 54, 21, 10, 1
1: 44
2: 7, 4
3: 6, 35
4: 52, 8
5: 47
6: 0, 22, 44, 33
7: 14, 48, 24, 11
8: 11, 32, 0, 9
9: 50
10: 8, 23, 39
11: 48
12: 10
13: 21, 22, 4, 30, 18
14: 45, 42, 31
15: 22, 33, 52
16: 15, 54, 39, 3, 40
17: 32, 45, 11
18: 20, 7, 40
19: 33, 22, 26
20: 49
21: 8, 20, 45, 0
22: 40, 45
23: 55, 9, 52
24: 7, 50, 19, 41
25: 21, 10, 14
26: 24, 33, 45, 21, 29
27: 4
28: 23, 45, 19, 49, 41
29: 19, 20, 33, 51
30: 3
31: 35, 52, 41, 54
32: 51, 10, 54, 15
33: 45, 49
34: 14
35: 18, 11, 21
36: 12, 21, 52
37: 46, 24, 46, 30
38: 16, 34, 30
39: 9, 16
40: 38, 54
41: 15, 55, 16
42: 3
43: 41, 27, 16
44: 31, 42, 50, 28, 22
45: 11, 51, 29, 7, 15
46: 48, 12, 29, 28, 4
47: 50
48: 22, 30, 13, 30, 37
49: 23, 22, 5, 9, 24
50: 27
51: 6
52: 35, 39
53: 21
54: 47, 50, 7
55: 48, 15, 40, 22