# Number of Floors, Capacity
26, 8
# Floor Requests
0: 24, 16, 25, 25, 21, 13, 3, 0
1: 17, 19, 10, 3, 7, 23, 4
2: 10, 15, 25, 18, 21, 23, 8, 16
3: 9, 10, 4, 1, 22, 24
4: 16, 1, 25, 21, 3, 21, 9
5: 23, 3, 21, 18, 22
6: 15, 0, 6, 13, 9
7: 1
8: 7, 0, 25, 14
9: 6, 17, 18, 17, 4, 16, 16, 21
10: 18
11: 9, 12, 14, 18
12: 6, 6, 17, 15, 24, 1, 11, 4
13: 3, 0, 1, 6, 23, 8, 13
14: 6, 17
15: 17, 14, 3, 9, 8, 20, 23
16: 5, 6, 9, 17
17: 9, 4, 13, 21, 19
18: 22, 12, 23, 14, 17, 14, 25, 4
19: 15, 23
20: 18, 23, 10, 15, 22, 25
21: 12, 24, 20, 14
22: 1, 12, 9, 24, 12, 1, 12
23: 14, 10, 23
24: 13, 9, 4, 14, 21, 23
25: 19, 22, 6, 1, 8, 24