# Number of Floors, Capacity
34, 5
# Floor Requests
0: 11, 6, 2
1: 26, 30, 20, 24, 1
2: 6, 21, 26, 14
3: 28, 16
4: 23, 20, 12, 2, 28
5: 16, 26
6: 4, 31, 14
7: 8, 2, 21
8: 12, 26, 22
9: 14, 5, 0, 19, 7
10: 10
11: 30, 23
12: 32, 27, 31, 16, 7
13: 22, 16
14: 28, 2, 24, 20, 32
15: 9, 20, 5, 21, 28
16: 24
17: 12, 30, 10
18: 24, 17, 26
19: 29, 26, 30, 28, 9
20: 20, 22
21: 27, 30
22: 15
23: 17, 22, 14, 23
24: 10, 23
25: 15, 17, 11, 7
26: 8, 10
27: 14, 3
28: 22, 25, 7, 33
29: 22, 4, 29
30: 10, 8, 14, 18, 14
31: 17, 8, 23
32: 4
33: 24, 12, 29, 29