# Number of Floors, Capacity
82, 5
# Floor Requests
0: 48, 60, 37
1: 54, 62, 38, 35
2: 44, 57, 3, 26
3: 33, 0, 51, 53, 63
4: 40
5: 47, 54, 27, 16
6: 53, 68, 15, 54, 14
7: 10
8: 28, 21, 58
9: 55, 24, 0
10: 47, 71
11: 1, 36
12: 22, 56
13: 47, 23
14: 19
15: 73
16: 9
17: 47, 77, 42, 69
18: 13, 16
19: 77, 54, 8, 57
20: 54
21: 64, 52, 72
22: 53, 9
23: 60, 77, 60, 75, 21
24: 0, 80, 38
25: 72, 4
26: 3, 59, 19
27: 67
28: 53, 38, 66, 26
29: 38, 1, 49
30: 35
31: 11
32: 50, 14, 58
33: 69
34: 0, 25, 38
35: 39, 32, 76, 73, 45
36: 52
37: 28, 19, 52
38: 58, 56, 48, 79
39: 79, 71
40: 81
41: 58, 57, 58, 56
42: 20, 36, 13
43: 21, 18, 22
44: 15, 80, 28, 6, 70
45: 64, 73, 7, 59
46: 78, 3
47: 5, 78, 18, 0, 61
48: 59, 56, 29, 55, 69
49: 26, 74
50: 34, 68, 58
51: 31
52: 54
53: 70, 46, 32, 1, 71
54: 51, 60, 16, 58
55: 6, 52, 31, 28
56: 52, 75, 21, 48, 66
57: 73, 2, 14, 66
58: 2, 61, 25, 35, 70
59: 50
60: 26, 27, 35
61: 17
62: 34
63: 74, 36, 76, 15, 49
64: 2, 66, 17
65: 45, 8, 16, 60, 53
66: 16, 9, 7
67: 59, 73, 31, 28
68: 51, 12, 8, 20
69: 18, 22, 52
70: 71, 21, 44, 54, 62
71: 5, 36
72: 53
73: 39, 51, 32
74: 36, 6
75: 16
76: 9, 62, 46, 14
77: 15, 51, 76
78: 62, 74, 51
79: 6
80: 17, 35, 2, 42
81: 8, 1, 36, 3, 6