# Number of Floors, Capacity
51, 5
# Floor Requests
0: 17, 12
1: 2, 31, 23, 8
2: 2
3: 21, 0
4: 2, 20, 42, 40, 2
5: 43, 28, 22
6: 46, 44, 47, 2
7: 37, 11, 47, 21, 15
8: 34, 24, 36, 6
9: 6, 39, 42
10: 2, 47, 17, 17
11: 7, 44
12: 23, 43
13: 16, 22, 9
14: 44, 46, 10, 46, 21
15: 50
16: 47, 15, 37
17: 35
18: 5, 35, 50, 29, 33
19: 23
20: 25, 28
21: 40, 37, 37, 22
22: 32
23: 44, 19, 36
24: 35, 35, 12, 42
25: 48, 11, 44, 40
26: 24
27: 13, 27
28: 14, 41, 27, 24, 20
29: 38, 24
30: 8, 26, 8, 23, 47
31: 22, 19, 46, 15, 1
32: 17, 21, 25
33: 14, 5, 38, 43
34: 34
35: 39, 14
36: 10
37: 3, 46, 31, 30
38: 41, 12
39: 7, 11, 24
40: 2, 30, 5, 44
41: 35, 23
42: 9, 11
43: 0, 33, 41, 46, 28
44: 9, 35
45: 2, 41, 8, 37
46: 32, 27, 37, 13
47: 13, 40
48: 48, 12
49: 0
50: 27, 37, 11