# Number of Floors, Capacity
26, 8
# Floor Requests
0: 23, 8, 4, 25
1: 18, 2, 3, 6, 1, 9, 1, 17
2: 17, 25, 19, 18, 25, 11, 17, 4
3: 18, 14, 10, 12, 21
4: 1, 2, 9, 21, 24, 12, 22
5: 18, 8, 15, 12, 22
6: 13, 1
7: 13, 10, 4
8: 3, 0, 2, 23, 5, 6, 5, 19
9: 5, 12, 8, 20, 7, 24, 3
10: 1, 8, 3, 25, 25, 20
11: 6, 17, 20, 24
12: 21
13: 4, 25
14: 12
15: 10, 10, 12, 4, 24, 24, 13
16: 11, 6, 9, 21
17: 9, 12, 2, 2
18: 3, 1, 23, 2, 4
19: 19, 18, 11, 14
20: 25, 4, 2, 3, 5, 1, 23, 1
21: 22, 9, 9, 21, 23, 14
22: 4, 2, 22, 15, 8, 8
23: 18, 25
24: 11, 13, 23, 0
25: 5, 6, 23, 8, 14, 8, 23