# Number of Floors, Capacity
94, 5
# Floor Requests
0: 29, 60, 89
1: 52
2: 67
3: 46, 61, 74, 11, 86
4: 87, 29, 32
5: 39
6: 40, 66, 26, 37, 92
7: 13, 54, 50
8: 45, 47, 2, 0, 59
9: 2
10: 89, 89, 75, 41
11: 58, 25, 25, 77, 27
12: 68, 91, 54
13: 71, 74, 71
14: 34
15: 19
16: 50, 66, 55, 66, 47
17: 63, 1, 62, 82, 47
18: 90, 89, 57, 43, 2
19: 90, 46, 8, 31, 54
20: 51, 47
21: 4, 65, 65
22: 51
23: 1, 37, 28, 29, 26
24: 14, 84
25: 0, 30, 13
26: 86
27: 27
28: 16, 67, 18, 10
29: 67, 11, 4
30: 18, 91, 37, 22, 72
31: 82, 5, 27, 69
32: 19
33: 24, 59, 22, 11
34: 23, 21
35: 24
36: 50, 64, 11
37: 61, 67, 76
38: 86, 38, 93
39: 28, 40, 70, 58, 80
40: 86, 46, 1
41: 26, 26
42: 2, 24
43: 63, 47, 3, 93
44: 72, 72, 19, 55, 49
45: 60, 11, 58
46: 66
47: 74, 80
48: 55, 20, 91, 28, 53
49: 90, 92, 27, 68, 58
50: 18
51: 14, 52, 83, 45, 17
52: 72, 69
53: 59, 14, 37
54: 2, 18, 73, 43
55: 2, 7
56: 57, 62, 10, 33
57: 36, 57, 86
58: 33, 24
59: 23, 23, 40, 73, 93
60: 82, 47, 24, 30
61: 44, 91, 93
62: 52, 54, 41
63: 80, 39, 57, 44, 49
64: 32, 11, 8, 32, 52
65: 38, 22, 11, 74, 90
66: 10, 43, 73
67: 90, 49, 48
68: 58, 46
69: 60, 67, 51, 30
70: 18
71: 16, 55, 42, 68
72: 9, 80
73: 33, 30, 15, 58
74: 17, 33, 76, 42, 7
75: 8, 84, 18, 26
76: 71, 25, 27, 80, 46
77: 51, 42
78: 25
79: 44, 49
80: 22, 5, 28, 30
81: 88, 66, 2, 79
82: 19
83: 28, 32, 34
84: 42
85: 41, 87, 71, 36
86: 56, 53, 52, 87
87: 65, 58, 57, 70
88: 17
89: 73
90: 63, 26, 81, 29
91: 75, 82
92: 76, 4, 91, 65
93: 37