# Number of Floors, Capacity
69, 5
# Floor Requests
0: 53, 14
1: 2, 17, 30, 60, 42
2: 13, 61
3: 58, 31, 32, 42
4: 23, 9, 68
5: 8, 63, 8, 64, 46
6: 47, 41, 61
7: 54, 10, 29, 35
8: 49, 13, 0, 34
9: 20
10: 25
11: 62, 40, 48
12: 1, 23, 7, 21
13: 20, 55, 10, 35, 58
14: 32
15: 16, 14, 31
16: 2, 17, 67
17: 15, 59, 54, 39, 42
18: 9, 20, 9, 60, 47
19: 18, 35, 16, 21, 44
20: 36, 25, 43, 47, 16
21: 43, 52, 35
22: 9
23: 50, 44, 44, 10, 39
24: 27
25: 5, 33, 34, 65, 51
26: 59, 35, 54
27: 30, 17, 5, 51
28: 4, 18, 23, 44, 8
29: 59, 42, 24, 5, 20
30: 62, 58, 51, 43
31: 40, 0, 23, 29
32: 65, 17, 68, 46
33: 47, 27, 37, 31, 52
34: 52, 13, 6, 28
35: 41, 61, 3, 44
36: 20, 36, 50, 4, 50
37: 12, 49, 30
38: 24, 41
39: 14, 16, 61, 66
40: 40, 5, 67, 44
41: 43, 4
42: 28, 21, 16, 40
43: 51, 12, 0, 14
44: 62, 67, 16
45: 51, 16, 8
46: 29, 19, 0
47: 54
48: 41, 33, 23, 6
49: 51, 39, 16, 54, 30
50: 27, 58
51: 0, 6, 61
52: 11, 12
53: 58, 11
54: 19, 48, 64
55: 12, 51
56: 24
57: 56, 6, 8, 62
58: 19, 32, 32, 60, 21
59: 23, 28
60: 47, 0, 2
61: 9, 8
62: 65, 46
63: 18, 6
64: 57, 43, 56, 4, 43
65: 4, 3, 3
66: 8, 23, 43, 57
67: 0, 8, 3
68: 63