# Number of Floors, Capacity
38, 5
# Floor Requests
0: 23
1: 23, 32, 32
2: 31, 15, 14
3: 7, 35, 31, 21, 35
4: 26, 1, 32, 17
5: 2
6: 11, 30, 11, 26, 14
7: 31, 18, 9, 17, 32
8: 7, 26
9: 25, 20, 23, 26, 20
10: 29, 18, 37
11: 37, 5, 24
12: 5, 17, 18, 33, 2
13: 10
14: 5, 15
15: 30, 26, 29, 14
16: 14, 35, 13, 5
17: 16
18: 9, 32, 3, 19, 27
19: 37, 24, 24, 13, 3
20: 33, 20, 2
21: 24, 24, 26, 34
22: 19, 23, 16, 5
23: 9, 0, 10, 18
24: 10, 29
25: 18
26: 30, 10, 24, 26
27: 18, 30
28: 29, 32, 12, 21, 28
29: 12, 35, 32
30: 14, 23, 21, 14
31: 11, 20, 20
32: 4, 31, 21, 18
33: 33
34: 24
35: 35
36: 28, 34, 6
37: 24, 11, 12