# Number of Floors, Capacity
28, 8
# Floor Requests
0: 21, 18, 12, 13, 9, 22
1: 20, 0, 23, 20, 4, 1, 17, 27
2: 17, 21, 24, 17
3: 19, 4, 7, 13, 0
4: 13
5: 12, 6, 18
6: 10, 26, 4, 23, 17
7: 24, 13, 27, 11, 0, 16, 18, 5
8: 17, 13, 2, 15, 17, 14, 14, 4
9: 5
10: 27, 14, 24, 26, 9, 6
11: 14, 26, 17, 11
12: 25, 1, 20, 12
13: 10, 26, 18
14: 26, 13, 14, 3
15: 11, 8, 15, 5, 0, 3, 0, 9
16: 15
17: 8, 12
18: 7, 16, 21, 8, 27
19: 7, 27, 2, 21
20: 15, 9
21: 21
22: 23, 5, 4, 16
23: 13, 18, 8, 15
24: 0
25: 23, 12
26: 7, 5, 12, 16, 17
27: 14, 18, 11, 25