# Number of Floors, Capacity
26, 8
# Floor Requests
0: 15, 23, 18, 25, 20, 6, 17, 6
1: 22, 11, 22, 23, 11, 24, 18
2: 5, 2, 0, 21, 9, 11
3: 12, 16, 24, 1, 5, 21
4: 0, 17, 24
5: 17, 10, 22
6: 20, 2, 5, 9, 14, 15
7: 3, 12, 12, 22, 16, 20, 14
8: 1, 18, 2, 11, 18
9: 12, 16, 23, 21
10: 12
11: 19, 13, 19, 7
12: 14, 19
13: 11, 10, 2, 21, 9
14: 21, 14
15: 13, 1, 5, 20, 10
16: 20, 22, 18, 5, 13, 23, 12, 10
17: 18
18: 6, 8, 14, 24
19: 12, 17, 8, 11, 18, 3, 5
20: 24, 13, 12, 3, 15, 18, 8
21: 3, 4, 18, 14, 23, 9, 17, 5
22: 16, 25, 6, 5, 12, 19, 21
23: 9, 5, 24, 12, 19
24: 17, 20, 15, 24
25: 17, 22