# Number of Floors, Capacity
84, 5
# Floor Requests
0: 19, 16, 28, 46
1: 30, 18
2: 81, 64, 50, 3, 61
3: 60, 61
4: 69, 8
5: 36, 54
6: 51, 83
7: 56, 33
8: 28, 0, 4, 25, 29
9: 63, 2, 40
10: 63, 11
11: 55, 54, 59
12: 27, 71
13: 63, 48, 60
14: 73, 38, 17, 34, 1
15: 41
16: 35, 33, 60
17: 74, 17, 56
18: 14, 17, 78, 6
19: 14
20: 62, 79
21: 46, 81, 68
22: 15, 42
23: 65, 32, 58, 8
24: 7, 55
25: 10
26: 18, 58, 39
27: 54, 24, 65, 44, 76
28: 13
29: 38, 3, 77, 26
30: 44
31: 78, 12, 6, 77, 32
32: 0, 74
33: 3, 16, 73
34: 12, 52, 25, 32
35: 58, 80
36: 17, 39
37: 41, 47
38: 36
39: 80, 56, 79
40: 44, 34, 71, 41
41: 59, 29
42: 27, 8, 37, 43
43: 69, 22, 50, 14, 76
44: 78, 39, 59, 65, 48
45: 36, 35
46: 15, 26, 23, 48
47: 26, 14
48: 80, 57, 19, 5, 70
49: 83, 82
50: 17, 34, 53, 73
51: 2, 32, 42, 22
52: 31, 56, 15, 63
53: 82, 74, 14
54: 68
55: 54
56: 83, 15, 28
57: 56
58: 41, 7, 65, 23, 59
59: 71, 1, 73
60: 71, 32, 48
61: 38, 3, 12
62: 83, 62, 49
63: 48, 56, 80, 25
64: 64, 82, 30
65: 74
66: 23, 48, 48, 74, 12
67: 26, 75
68: 67, 48, 70
69: 72, 76, 52, 43
70: 13, 46, 20, 19
71: 24, 69, 45, 5
72: 72, 8, 37
73: 7, 78, 81
74: 57, 69, 26, 80
75: 32, 56, 67
76: 19, 23
77: 44
78: 38, 47, 48, 80, 66
79: 61, 61, 7, 81
80: 62, 41
81: 44
82: 2, 13
83: 81