# Number of Floors, Capacity
96, 5
# Floor Requests
0: 35, 15, 22
1: 22, 33, 5, 35
2: 36, 28, 14, 87, 20
3: 70, 1, 71, 42, 77
4: 35, 14, 55
5: 7
6: 44, 34, 27
7: 0
8: 9
9: 8
10: 12
11: 50, 79, 3, 30, 44
12: 17, 75, 66, 60
13: 42, 83, 29, 4, 14
14: 40, 24, 38
15: 9
16: 47, 13, 61, 68, 36
17: 77
18: 64, 46, 64, 75
19: 73, 50, 11, 17, 57
20: 14, 43, 43, 50, 78
21: 0
22: 94, 67
23: 60, 18, 2, 61
24: 41, 70, 49
25: 53
26: 36, 64
27: 68, 6
28: 6, 30, 29, 77, 38
29: 32, 53, 52
30: 71, 0
31: 50, 15, 78
32: 34, 60, 1, 9
33: 66, 18, 86, 39, 29
34: 71
35: 70, 16
36: 78
37: 31
38: 57, 31
39: 12, 89, 86, 70, 4
40: 86, 59, 16
41: 27, 11, 73, 11, 75
42: 59, 15, 38
43: 71
44: 47, 88
45: 81, 30
46: 59, 87, 12
47: 67, 28, 43, 21, 38
48: 5, 18, 0, 8
49: 87, 35, 23, 33
50: 39, 94, 80, 15, 10
51: 25, 80, 31, 4
52: 75, 68, 14, 23
53: 46, 70, 88, 8
54: 74, 24, 84, 44, 94
55: 78, 73, 42, 45
56: 61, 41, 24, 69, 49
57: 54, 44, 90
58: 10, 20, 66, 8, 16
59: 90, 58
60: 62, 74, 18, 67, 9
61: 16, 16
62: 53, 9, 65
63: 76, 15, 63, 95
64: 3
65: 85, 36, 74, 23
66: 73, 81
67: 92, 18, 15, 94, 7
68: 20, 38
69: 41, 89, 44
70: 24, 71, 67, 95
71: 76, 39, 35
72: 62, 20, 60, 77
73: 3, 46, 62, 87
74: 23, 61, 6, 82, 8
75: 26, 88, 45, 84, 88
76: 77, 13, 58, 90, 49
77: 49, 75, 80
78: 95, 74, 52, 90
79: 92, 52, 47
80: 82, 7
81: 89, 45, 39, 75, 46
82: 34, 95
83: 74
84: 37
85: 9, 21, 55
86: 34, 79, 54, 77, 76
87: 50, 76, 48
88: 38, 28
89: 44, 44
90: 36
91: 61
92: 70, 4
93: 89, 62, 35, 12
94: 70
95: 14, 14