# Number of Floors, Capacity
48, 5
# Floor Requests
0: 35, 5, 33, 21
1: 44, 19, 8
2: 2, 47
3: 22, 18, 17, 2
4: 32, 17
5: 32, 21, 28
6: 5, 21, 46
7: 20
8: 4, 39, 32, 28
9: 46
10: 34, 44, 31, 16
11: 0, 30
12: 19
13: 2, 41, 10, 24, 45
14: 41, 15, 44, 24, 5
15: 15, 24, 13
16: 5
17: 16, 43, 27, 23
18: 30
19: 1, 2
20: 46, 38, 36
21: 15
22: 25
23: 16, 46, 5, 11
24: 25, 1
25: 11, 34, 38, 1
26: 34, 27, 19
27: 45
28: 17, 36, 24, 13
29: 6, 45
30: 35, 33, 32, 38
31: 12
32: 16, 35, 3, 1, 11
33: 42, 24, 1, 4
34: 35, 43, 41, 0
35: 28, 41
36: 27, 18, 27, 33
37: 40
38: 4, 0
39: 12, 18, 24
40: 32, 20, 11, 40, 37
41: 9, 40, 32, 35, 25
42: 47, 8, 15, 22
43: 8, 27, 9
44: 29, 22
45: 32, 31, 43
46: 5, 19
47: 37, 39