# Number of Floors, Capacity
30, 8
# Floor Requests
0: 16, 22
1: 10, 2, 0, 10
2: 22, 5, 14, 1
3: 16
4: 29, 10, 21
5: 25, 15, 9, 25, 27
6: 27, 3, 4, 27, 3, 20, 2
7: 17, 17, 13
8: 9, 19, 6, 22, 13
9: 1, 19, 21, 16, 1, 7
10: 15, 9, 15, 26, 3, 29, 13, 3
11: 20, 3, 15, 15, 9
12: 24, 18, 2
13: 10, 14, 25, 4, 6, 26, 22
14: 11, 9, 22, 3, 16, 7, 25, 2
15: 9, 14, 19, 1, 28
16: 28, 7, 21, 8
17: 24, 21, 6
18: 20, 15, 5
19: 1, 23, 21, 5, 16, 21, 2, 17
20: 6, 13, 4, 19, 28, 13, 6, 4
21: 1, 29, 15, 2, 12, 5, 29, 2
22: 8, 21, 14, 16, 27, 0, 16
23: 2, 10, 19
24: 4, 29, 0, 4, 4, 18, 19, 8
25: 6, 19, 4, 21, 13
26: 10, 11, 15, 8, 17, 2, 8
27: 28, 17, 9, 20, 2, 1, 2
28: 0, 10, 21, 15, 7
29: 15, 0, 4, 21