# Number of Floors, Capacity
46, 5
# Floor Requests
0: 13, 38
1: 8
2: 28
3: 24
4: 9, 28, 9, 8
5: 0, 23, 30, 7, 27
6: 29
7: 26, 28
8: 25, 31, 20, 22, 22
9: 5, 15, 43
10: 25, 33, 43, 2, 0
11: 43, 38, 5
12: 39, 40
13: 21, 10, 28, 15
14: 0
15: 29, 7, 2, 10
16: 27, 44
17: 35, 35, 11, 21, 39
18: 17, 38
19: 45, 25
20: 17
21: 5, 25
22: 38, 31
23: 6
24: 17, 40, 8, 43
25: 32, 44, 29
26: 13, 26, 14, 30, 26
27: 33, 3, 40
28: 35, 11
29: 6, 15, 27, 17, 40
30: 38
31: 37, 30, 20
32: 14, 37, 9, 42
33: 25, 20, 6, 1, 13
34: 26, 32, 11, 0, 16
35: 21, 15, 40, 6, 9
36: 25
37: 23, 32, 40, 32, 10
38: 45, 10, 22, 36, 22
39: 41
40: 44, 41, 32, 28
41: 23, 40, 10, 17
42: 8
43: 34
44: 7, 37
45: 20, 15