# Number of Floors, Capacity
55, 5
# Floor Requests
0: 6, 40, 38, 36
1: 1
2: 16, 2, 33, 42, 14
3: 45, 32, 23, 32
4: 15, 1, 47, 23, 41
5: 8, 38, 9, 15
6: 28, 20, 45
7: 44, 33, 17, 8, 53
8: 2
9: 31, 38, 23, 7
10: 35, 15, 11
11: 10, 21
12: 31
13: 8, 49, 42
14: 54, 25, 0, 15, 42
15: 14, 35, 23, 52
16: 26, 8, 54
17: 33, 9, 8, 50
18: 44, 0, 35, 38, 36
19: 48, 2
20: 50, 26, 23, 28
21: 29, 32
22: 26
23: 13, 47, 49
24: 4, 6
25: 9, 8
26: 49, 33, 11
27: 6
28: 54, 25, 7, 33
29: 49, 51, 52, 36
30: 2, 45
31: 48, 14, 3, 40
32: 29, 44, 29, 18, 9
33: 8, 27, 33
34: 0, 46, 34, 9
35: 14, 49, 22, 33
36: 43
37: 46, 19, 31
38: 40, 7, 36
39: 8, 35, 22
40: 24
41: 45, 12, 49, 40, 53
42: 47
43: 1, 46, 16, 21
44: 14, 11, 37
45: 27, 17, 29
46: 11, 9, 26
47: 44
48: 23, 2, 35, 33, 42
49: 49, 19
50: 8, 38, 24
51: 51, 48, 13, 34
52: 52, 24
53: 11, 35
54: 32, 42, 45, 33