# Number of Floors, Capacity
30, 8
# Floor Requests
0: 8
1: 24, 25, 24, 4
2: 0, 9, 14, 18
3: 25, 6, 22, 17, 5, 14, 16, 7
4: 10, 5
5: 12, 9, 0, 9, 21, 3, 1, 2
6: 19, 23, 29, 20, 27
7: 17, 14
8: 21, 3, 2, 0
9: 8, 10, 4, 25, 8, 7, 3
10: 7, 2, 14, 7, 0, 16
11: 24, 3, 12, 9, 1, 3, 26, 3
12: 13, 5, 22
13: 21, 2, 25, 10, 7, 10, 27, 9
14: 13
15: 20, 26, 1, 20
16: 29
17: 27, 9, 1, 19
18: 26, 27, 9
19: 12, 7, 24, 21, 9
20: 0, 10, 11
21: 9, 18, 12, 20, 12
22: 28, 27, 13, 13, 8
23: 4, 8, 29, 2
24: 9, 17, 8, 13, 7, 8, 18
25: 11, 26, 8, 26
26: 6, 13, 3, 21, 12, 16, 0, 8
27: 16, 1, 22, 9, 3, 12
28: 25, 20, 3
29: 1, 24, 12, 1, 6, 0, 7, 23