# Number of Floors, Capacity
53, 5
# Floor Requests
0: 47
1: 10, 9, 14
2: 50, 9, 18
3: 2, 40
4: 11, 2, 46
5: 25, 37, 49, 26, 42
6: 43, 36, 32, 26, 7
7: 36, 10, 20
8: 33, 12, 16
9: 31, 47, 22, 45, 43
10: 25, 30
11: 51, 31, 5, 30
12: 13, 7, 21, 44, 52
13: 20, 18, 52, 24, 1
14: 50
15: 13, 19, 41, 52
16: 44
17: 3, 4, 35, 41, 10
18: 2, 32, 46
19: 14, 3
20: 29, 17, 5
21: 30, 47, 14, 4, 15
22: 10, 38, 2, 22, 12
23: 14, 13, 4
24: 33, 21
25: 40
26: 18, 22
27: 35, 3
28: 18, 29, 35, 52, 14
29: 19, 30
30: 15
31: 33, 36, 20
32: 35, 22
33: 42, 37, 28
34: 1
35: 18
36: 3, 29, 28, 29, 32
37: 39, 29, 38, 2
38: 15, 16
39: 16, 19
40: 4, 39, 12
41: 38, 43, 34, 0, 17
42: 36, 34, 38, 52
43: 7, 31
44: 18, 47
45: 38, 10, 14, 6
46: 31, 21, 16, 49
47: 24, 5
48: 2, 3, 6, 8
49: 19, 33, 15
50: 3, 50, 52
51: 49, 15
52: 39, 45, 2, 9, 40