# Number of Floors, Capacity
25, 8
# Floor Requests
0: 10, 3, 5
1: 24, 23, 5, 11, 24
2: 8, 14, 3, 15
3: 17, 1, 16, 15, 13
4: 19, 6, 19, 8, 0
5: 19, 5
6: 22, 8, 19, 1, 19, 20, 6
7: 18, 17
8: 4, 15, 4, 4, 8
9: 20, 13, 21, 20, 19, 13, 6, 11
10: 14, 12, 23, 19
11: 10, 13
12: 19, 24, 9, 0, 3, 20, 11
13: 1, 19, 9, 3, 8, 6, 12
14: 7, 1
15: 21, 21, 19, 18, 0, 0, 15, 18
16: 17, 1, 21, 23, 15, 0
17: 0, 15
18: 24, 7, 2, 11, 4, 21
19: 0, 3
20: 15, 17, 10, 22, 2, 3, 23, 21
21: 3, 12, 17, 13
22: 20
23: 16, 23, 6
24: 22, 9