# Number of Floors, Capacity
29, 8
# Floor Requests
0: 5, 16, 1, 16, 11, 16, 27, 0
1: 20, 13, 10, 12, 28, 5, 9
2: 27, 2, 5, 26, 27, 24, 21
3: 6
4: 1, 27, 13, 24, 7
5: 28, 27, 24, 11, 28, 21, 28, 11
6: 7, 6, 17, 17, 12, 2
7: 27, 14, 15, 14, 19
8: 13, 28, 20
9: 22, 5, 0, 19, 22, 25
10: 7, 21, 20, 27, 3, 1
11: 15, 0, 2, 14, 22, 27
12: 16, 7, 6
13: 20, 14, 19, 11, 0, 21, 10
14: 15, 17, 2, 7, 20
15: 18, 9, 9
16: 23, 27, 0, 12
17: 3, 5, 25, 7, 3, 18, 14
18: 17, 9, 11, 25, 26, 9, 14
19: 18, 26, 25, 24
20: 2, 11, 14, 7, 4
21: 7, 13, 27, 12
22: 22, 24, 16
23: 9, 9, 8, 23, 9, 22, 14, 8
24: 24, 25, 18, 23, 23, 17
25: 8, 25, 2, 19, 20, 16
26: 22, 20, 19, 18, 8
27: 0, 20, 28
28: 23, 3, 6