# Number of Floors, Capacity
44, 5
# Floor Requests
0: 24, 28
1: 42
2: 24, 43, 27
3: 28, 18, 35
4: 37
5: 14, 29, 0
6: 38, 12
7: 38, 11, 37, 31, 37
8: 31, 14, 16, 23
9: 12, 36
10: 34, 33, 13
11: 25, 24, 1, 10, 22
12: 9
13: 39, 2, 6
14: 34, 12, 26
15: 25, 37
16: 7, 37, 23
17: 29
18: 38
19: 14, 38, 3, 18, 26
20: 24
21: 40, 7
22: 16, 33, 12, 21, 21
23: 40, 42
24: 4, 34, 17, 42
25: 8, 40, 9, 29, 19
26: 35, 2, 19
27: 28, 14, 39, 7, 27
28: 17, 34
29: 21
30: 32, 25, 37, 30
31: 16, 4, 40, 8, 10
32: 41
33: 20, 14
34: 40, 1
35: 3, 29, 43
36: 3, 20, 26
37: 32, 18, 16
38: 43, 5
39: 3, 3, 24, 28
40: 34, 29, 16, 5, 24
41: 27
42: 30, 34, 41, 36, 28
43: 6, 11, 27, 21