# Number of Floors, Capacity
74, 5
# Floor Requests
0: 30, 20, 62
1: 6
2: 49
3: 0, 5, 54, 65, 70
4: 19
5: 19, 44, 27
6: 20, 43, 8
7: 70, 34, 8, 66
8: 19, 14
9: 35, 68, 33, 57, 57
10: 5, 2, 12, 42, 22
11: 5, 24, 53, 17
12: 50
13: 16
14: 73
15: 46, 0, 21
16: 65, 14, 5, 44, 56
17: 27, 59, 55, 8
18: 72, 51, 60, 44, 38
19: 21, 6, 31, 5, 7
20: 8, 14, 67, 58, 67
21: 0
22: 70, 41, 16, 31
23: 31, 13, 44, 45, 26
24: 18, 17, 19
25: 21, 35
26: 8, 28, 20, 65, 12
27: 58, 36
28: 37, 57, 31, 38
29: 10, 73, 71
30: 23, 20
31: 29, 35, 51
32: 20
33: 2, 16
34: 34
35: 68, 14
36: 43, 56
37: 43, 35, 44
38: 70, 44
39: 6, 13, 35
40: 29, 13, 27, 59
41: 56, 20
42: 12
43: 20, 54, 50, 68, 49
44: 31, 44
45: 50, 32
46: 59
47: 58, 11, 72
48: 35, 37
49: 25, 57, 32, 28
50: 33, 17, 56, 42
51: 19, 10
52: 62
53: 15, 40, 33
54: 7
55: 69, 28, 10, 15
56: 62
57: 52, 9, 15, 51
58: 22
59: 1, 40
60: 20
61: 56, 45, 30, 57, 44
62: 61, 67, 3
63: 46, 71, 38, 6, 33
64: 24, 39, 69
65: 38, 66, 71
66: 33
67: 55, 60, 35, 61
68: 55, 15, 39
69: 67
70: 20, 70
71: 35, 44, 58, 66
72: 34, 23, 26, 1, 62
73: 14, 19, 73, 54