# Number of Floors, Capacity
86, 5
# Floor Requests
0: 28, 24, 63, 28
1: 67, 69, 7, 79, 12
2: 48
3: 31, 5, 32, 22
4: 65, 56, 46, 24, 67
5: 58, 82, 83
6: 79, 1, 48, 1, 60
7: 0, 34, 82
8: 35
9: 71, 85, 4, 85
10: 51, 80, 5, 59, 66
11: 78, 33, 8, 72
12: 13, 19, 28
13: 20, 67
14: 84, 82, 42
15: 42, 51
16: 31, 55, 47, 40
17: 26
18: 71, 51, 80, 63, 51
19: 84, 75, 81
20: 22, 25, 20
21: 20
22: 51, 13, 27
23: 49, 84, 38, 82, 82
24: 70, 35, 35, 35
25: 75, 21, 32, 78, 80
26: 71, 63, 10, 7
27: 64
28: 28, 8
29: 39, 51, 60, 51, 80
30: 74, 32, 67, 42
31: 40, 25, 5
32: 40, 54, 53
33: 72
34: 27, 65, 9
35: 24, 84
36: 64, 48
37: 27, 44, 63, 2
38: 9, 4, 19
39: 46, 10, 26, 32
40: 30
41: 45, 43, 24, 33
42: 34, 18
43: 75, 30, 59
44: 22, 66, 28, 38
45: 83, 62, 79, 8
46: 72, 84, 12, 58
47: 18, 12
48: 9
49: 21, 67, 58, 62, 42
50: 46
51: 48
52: 5, 49, 30, 48, 47
53: 67, 78, 32, 84
54: 1
55: 77, 1
56: 52
57: 42, 65, 31
58: 31, 41, 65, 11
59: 82, 43, 42
60: 74, 77, 48
61: 38, 5
62: 4, 15, 36
63: 3, 40, 6, 10, 45
64: 57
65: 11, 35
66: 4
67: 23, 18, 27, 83, 23
68: 69, 85, 52, 76
69: 77, 82, 0, 28, 7
70: 20, 56, 81
71: 9, 34
72: 49, 70, 52, 64
73: 40, 54, 79
74: 83, 61, 48
75: 27
76: 37, 69, 13, 78
77: 53, 22, 50, 84, 62
78: 16, 20, 27, 18, 51
79: 9, 34
80: 48, 30, 53
81: 83, 57, 23, 24, 33
82: 16, 14, 27, 31, 32
83: 21
84: 16, 41
85: 72, 78