# Number of Floors, Capacity
71, 5
# Floor Requests
0: 16
1: 5
2: 21, 14
3: 19, 16
4: 57, 31
5: 4, 3, 4
6: 52
7: 59, 3, 20
8: 27, 17, 34
9: 22, 8
10: 8, 45, 39, 35
11: 62
12: 27, 64
13: 20
14: 68, 7, 63, 31, 47
15: 63, 50, 56, 10, 12
16: 53, 32, 6
17: 47, 10
18: 25, 0, 17, 17
19: 61, 31
20: 11, 21, 61, 66
21: 10, 17, 14
22: 48, 29, 27, 66
23: 3, 0, 57, 5
24: 65, 66, 57, 23
25: 26, 47, 59, 57, 19
26: 20, 7, 34, 9, 8
27: 13, 22
28: 16, 68
29: 57, 7, 36
30: 9, 22, 30, 64
31: 14
32: 52, 53, 60, 13
33: 21, 48, 58, 69
34: 26, 38, 64, 48, 25
35: 49, 63
36: 22, 36, 50, 36
37: 43, 33, 5
38: 32
39: 51, 29, 51, 34, 12
40: 68, 69, 26
41: 54, 38, 65, 58
42: 28, 49, 3
43: 65, 44
44: 7, 58, 48
45: 48, 68, 47
46: 0
47: 3, 61, 5, 10
48: 30, 5, 30, 67
49: 18, 20, 63, 68
50: 68, 24
51: 36
52: 8, 68
53: 46, 62, 9, 31, 27
54: 56, 68, 59, 50, 20
55: 1, 6, 39, 41, 39
56: 49, 32, 25, 15
57: 69, 65, 67, 35, 69
58: 66, 50
59: 11, 18, 55
60: 35, 55, 38, 6, 2
61: 46, 65, 50, 37
62: 59, 20
63: 7, 47
64: 8, 69
65: 53, 3, 38
66: 2, 6, 61, 48
67: 58, 56, 8, 2
68: 52, 23, 36
69: 26, 57, 3, 69, 59
70: 18, 44, 30, 59, 15