# Number of Floors, Capacity
30, 8
# Floor Requests
0: 22
1: 17, 9
2: 2
3: 18, 7, 3, 10, 22, 18
4: 25, 4, 7, 6, 12, 9
5: 13, 19, 18, 17, 0, 4, 6, 5
6: 11, 18, 16, 8, 21
7: 19, 29, 12, 0
8: 15, 26, 24, 14, 20, 10, 3
9: 3, 8, 26, 9, 3, 24, 25
10: 10, 2
11: 6, 20, 7, 18, 19, 23
12: 1, 29, 23
13: 13, 21, 17, 1, 9, 4, 22, 8
14: 6, 27, 4, 5
15: 4, 18
16: 24, 3, 13, 19, 20
17: 4, 6, 16, 16, 28
18: 11
19: 21, 18, 25, 13, 14, 21
20: 23, 27, 5, 14
21: 29, 9, 7, 13, 3
22: 8, 3, 28, 16
23: 21, 6
24: 16
25: 10, 0, 28, 8, 2, 0
26: 5, 0, 25, 0, 16
27: 27, 27, 24
28: 22, 22, 13, 2, 1, 13
29: 20, 18, 27, 3, 13, 6