# Number of Floors, Capacity
62, 5
# Floor Requests
0: 38, 43, 13, 60
1: 29, 7, 18, 6, 2
2: 48
3: 16, 36, 38, 19, 0
4: 15, 42
5: 6, 27
6: 29, 46
7: 39, 60, 60, 18
8: 36
9: 38, 53
10: 4
11: 16, 41
12: 50, 4, 19, 57, 39
13: 54
14: 0, 25, 8
15: 16, 21
16: 31, 57, 14
17: 44, 58, 56, 48, 21
18: 47
19: 8, 2, 49
20: 21, 38
21: 8, 36, 36, 32
22: 8
23: 50, 32, 38, 54, 17
24: 2, 27
25: 18, 57, 49, 25, 13
26: 4
27: 12, 38, 36, 34
28: 23, 33, 52, 40, 25
29: 11
30: 4, 53, 19
31: 60, 37, 54
32: 47, 58, 60, 10, 2
33: 4
34: 47, 33, 29, 7, 40
35: 7, 16, 52, 27
36: 23, 12, 12
37: 38, 31, 36
38: 17, 0, 38, 2, 46
39: 48
40: 30, 6
41: 44, 11, 3, 13, 61
42: 17, 49, 14
43: 23, 10
44: 44, 48, 22
45: 23, 29, 55, 9, 30
46: 6, 59, 46
47: 35, 36, 61, 56
48: 31, 0, 26, 15
49: 0, 31, 42, 24
50: 27, 41
51: 50, 49, 60, 61, 26
52: 38
53: 32, 16, 21
54: 39, 28, 28
55: 48, 25, 35
56: 48, 14, 46
57: 16, 9, 15, 45
58: 49
59: 24
60: 15, 21, 5, 3
61: 48, 31, 33, 33, 27