# Number of Floors, Capacity
59, 5
# Floor Requests
0: 7
1: 37, 11, 28, 27, 53
2: 13, 1, 37
3: 6, 57, 26, 4, 48
4: 3
5: 30, 4, 1
6: 2, 2, 49, 51, 24
7: 46, 29, 40
8: 47, 58, 23, 9
9: 5, 36, 11, 12
10: 43, 48, 15, 51, 7
11: 6, 51, 31, 36
12: 37, 18, 26, 58
13: 21, 10
14: 21, 54, 43, 43
15: 47, 58, 50, 22, 22
16: 27, 10, 4
17: 35, 16, 23, 55, 34
18: 3, 42, 2
19: 36, 37, 35, 4
20: 5
21: 45
22: 16, 1, 4, 29, 42
23: 21, 48, 1, 38, 30
24: 18, 46, 2, 5
25: 33, 15, 51, 38
26: 44, 9, 7
27: 47, 17, 48
28: 58
29: 42, 24, 22
30: 4, 42, 34, 30
31: 19, 44
32: 21, 4, 57
33: 1, 10, 44
34: 7, 45
35: 52, 40, 37
36: 28, 39, 8, 41, 11
37: 6, 40
38: 36
39: 55, 8, 53, 13, 4
40: 58, 38, 9
41: 29, 37, 37
42: 45, 58, 19, 49
43: 41, 39
44: 26
45: 5, 29, 3, 37, 34
46: 23, 3, 58, 15, 34
47: 55, 1, 53, 21
48: 30, 22, 12
49: 30, 44, 15
50: 18, 11
51: 38
52: 28, 55, 33, 31
53: 19, 3, 38, 0
54: 19, 53
55: 19, 3, 15, 34, 26
56: 52, 49
57: 50
58: 34