# Number of Floors, Capacity
69, 5
# Floor Requests
0: 49, 16, 15, 67
1: 2, 68, 51
2: 44, 42, 18, 63, 22
3: 5, 4, 23
4: 61
5: 51, 0
6: 18, 32, 41, 25, 27
7: 11, 60, 13, 26
8: 14, 54, 56, 59, 42
9: 47, 1, 22
10: 64, 30, 11, 67, 18
11: 29
12: 7
13: 13, 64
14: 41, 63, 61
15: 64, 36, 28, 12, 49
16: 23, 47
17: 64, 24
18: 23, 50, 8, 3
19: 0, 13, 48
20: 30, 21, 41, 22
21: 10, 51
22: 44, 29, 67, 59
23: 0, 16, 18, 4, 66
24: 49, 0, 41, 40
25: 56, 56, 52, 35
26: 34, 29
27: 16, 59, 30
28: 43, 5, 60
29: 67, 3, 68
30: 64, 15, 11, 24
31: 36
32: 65, 48, 50, 6, 2
33: 31, 1, 47
34: 15, 25
35: 11, 64, 42, 33, 14
36: 59, 67, 7, 6, 7
37: 4, 12, 61, 55, 64
38: 38, 60, 52, 49, 49
39: 11, 11, 27
40: 34
41: 23, 33, 63
42: 64, 17, 18, 42, 2
43: 64, 44, 33, 47
44: 55, 63, 46
45: 13, 43, 57
46: 57, 36, 5, 42, 41
47: 8, 66
48: 31, 60, 20, 4, 3
49: 50, 19, 60
50: 17, 68
51: 15, 44, 29
52: 59
53: 9, 5, 63, 29
54: 51
55: 38, 27, 52, 34, 38
56: 9, 61
57: 3, 2, 34, 12, 44
58: 43, 7, 32, 26, 66
59: 22, 18, 2, 30
60: 0, 40
61: 62, 19, 30
62: 2, 15, 4, 27
63: 11, 68, 4
64: 12, 68, 40, 55
65: 6, 9, 55, 14, 8
66: 13, 20
67: 57
68: 68, 53, 37, 40