# Number of Floors, Capacity
30, 8
# Floor Requests
0: 11, 16, 9, 10, 15, 12
1: 28, 13, 16, 13, 17, 21, 2
2: 14, 18, 22
3: 25, 8
4: 11
5: 24, 7, 8, 4, 12
6: 12, 12, 11, 17, 2, 16, 22
7: 5, 21
8: 4, 0
9: 15, 1, 28, 17, 22, 28
10: 15, 17, 13, 26, 26, 24, 23, 23
11: 16, 2
12: 4, 8, 17, 0, 11
13: 8, 12
14: 6, 15, 24, 20
15: 17
16: 13, 1, 1, 7, 26, 11
17: 6, 7
18: 8, 0, 2, 19
19: 8
20: 26, 9, 19, 19, 16
21: 7, 18, 8, 14, 10, 14, 2, 10
22: 16
23: 24, 13, 29
24: 2, 2, 1, 20, 25, 0, 9
25: 22, 3, 13, 16, 9, 5
26: 21, 11, 18, 20, 27, 27, 3, 25
27: 19, 16, 12, 21, 1, 5, 4, 15
28: 1, 18, 0, 3, 25
29: 13, 11, 21, 8, 6, 26