# Number of Floors, Capacity
86, 5
# Floor Requests
0: 64
1: 3, 33
2: 57, 24, 39
3: 33, 9, 56
4: 49, 34, 54
5: 57, 53
6: 32, 28, 84
7: 73, 3, 44, 44, 60
8: 44, 23, 28, 67, 24
9: 45, 79
10: 29
11: 9, 26, 26, 77
12: 20, 63, 81, 53, 21
13: 85, 9, 23, 64, 68
14: 3
15: 44, 19, 25, 37
16: 57, 41, 2, 62, 24
17: 10, 4
18: 69, 42, 18, 27
19: 17, 55, 63, 9
20: 1
21: 82, 19, 3
22: 70, 8
23: 7, 66, 68
24: 58, 42, 57, 79
25: 56, 49, 3
26: 31
27: 17
28: 68, 31
29: 29
30: 58, 44, 74, 19, 52
31: 1, 6, 62, 6, 50
32: 55, 31, 37, 31
33: 22, 78, 3, 7, 13
34: 19, 59
35: 83, 80
36: 51, 76, 77
37: 47, 9
38: 23, 5
39: 8, 19
40: 50, 58, 8, 45
41: 11, 62
42: 54
43: 1, 29, 50, 66
44: 53, 34, 59
45: 59, 13, 26, 15, 19
46: 9, 75, 83, 81, 56
47: 29, 59, 75, 0
48: 25, 58, 28, 12
49: 80, 6, 74
50: 1, 58
51: 23, 7
52: 13, 43, 51, 11
53: 49
54: 56, 82
55: 45
56: 59, 46, 32
57: 68, 1, 19, 80, 34
58: 76
59: 17, 80, 1, 73
60: 53, 83, 82, 54
61: 16
62: 39, 80, 40, 79, 63
63: 30
64: 35, 72, 25, 85, 18
65: 36
66: 23, 68, 82, 11
67: 42, 60
68: 46, 58, 70
69: 44
70: 7, 43, 19
71: 13, 39, 58
72: 61, 56, 84
73: 22, 16, 10, 80
74: 5, 55, 17
75: 33, 0, 41
76: 9, 79, 55
77: 78, 70, 34, 81, 3
78: 33, 30, 22
79: 24, 12, 11, 69, 51
80: 61
81: 32, 33, 6, 45
82: 51, 57, 63, 12
83: 37, 59, 14, 62
84: 17, 61, 16
85: 38, 2