# Number of Floors, Capacity
48, 5
# Floor Requests
0: 13
1: 28, 18, 10, 29
2: 39, 38, 17
3: 26, 6, 16, 19
4: 26, 31
5: 17, 2, 30
6: 34, 11, 39, 15, 36
7: 12, 42
8: 46
9: 14, 14, 23, 3
10: 15, 36
11: 46
12: 32, 9
13: 6, 32
14: 21
15: 39, 10, 8
16: 7, 18, 29, 15, 14
17: 45, 46, 13
18: 18, 20, 32, 47, 19
19: 25, 5, 28
20: 7
21: 28
22: 36
23: 28, 27
24: 27, 25, 4, 1, 2
25: 14
26: 10, 30, 7, 20
27: 7, 46, 31, 29, 19
28: 28, 39, 0, 37, 29
29: 24, 30
30: 36, 20, 10, 2
31: 6
32: 7
33: 34
34: 20
35: 27, 46, 0, 23
36: 15, 13, 37
37: 42
38: 34, 45, 35, 18, 2
39: 34, 21
40: 22, 37, 25
41: 13, 8, 26, 2, 26
42: 5, 24, 29, 45
43: 6
44: 10
45: 42, 7, 5, 27, 3
46: 10, 45, 28, 21, 20
47: 16