# Number of Floors, Capacity
25, 8
# Floor Requests
0: 21, 21, 13, 1
1: 22, 24, 8, 24, 3, 18, 1
2: 13, 3
3: 9, 15, 5, 13, 23
4: 9, 12
5: 2, 24, 24, 7, 10, 19
6: 15, 16
7: 8, 16, 21, 7, 10, 6, 6
8: 13
9: 16, 1, 21, 20, 9, 2, 4
10: 16, 6, 16, 18
11: 18, 7, 21, 24, 7, 9, 9, 5
12: 7, 20, 13, 17, 11
13: 20, 24, 6
14: 18, 14, 6, 18, 7
15: 0, 16, 13
16: 11, 2, 10, 7, 23
17: 9, 11, 16, 15, 3, 5, 9
18: 3, 12
19: 0, 22, 14
20: 6, 21, 23
21: 10, 16, 4
22: 21, 17, 16, 13, 9
23: 21, 7, 6, 5, 10, 17, 18
24: 15, 22, 22, 7, 17