# Number of Floors, Capacity
29, 8
# Floor Requests
0: 1, 15, 15, 26
1: 19, 16, 18, 13
2: 15, 4, 0, 16, 4, 21, 11, 3
3: 11, 27, 19, 10, 4, 27, 1, 7
4: 17, 11, 18, 3, 8, 14
5: 27, 5, 21, 4, 23, 5, 18
6: 11, 8, 16, 25, 19, 7, 9, 28
7: 16, 18, 8, 17, 18, 20
8: 18, 10, 20, 24
9: 4
10: 27, 13, 28, 10, 3, 16
11: 3, 17, 20, 9, 16, 5
12: 11, 4, 13, 6, 19, 20, 24
13: 19, 1, 18, 12, 21
14: 1, 24, 2
15: 8, 25
16: 15, 18, 18, 12
17: 17, 6
18: 17, 9
19: 25, 23, 1, 23, 24, 4, 14
20: 5
21: 11
22: 10, 23, 17, 25, 24, 16, 17, 0
23: 25
24: 17, 26, 13, 5, 9, 6, 11
25: 12, 16, 15, 7, 26, 8, 17, 24
26: 17, 7
27: 26, 24
28: 11, 4, 24