# Number of Floors, Capacity
29, 8
# Floor Requests
0: 18, 25, 1, 15, 27, 8
1: 3, 19, 4, 17, 4
2: 6, 10, 5, 21, 11
3: 23, 18, 11
4: 0
5: 1
6: 9, 8, 25, 14, 22, 1, 14
7: 6, 20
8: 9, 11
9: 14, 22, 13, 10, 1, 10, 23
10: 13, 28, 1, 18, 14, 16, 2
11: 9, 14, 22, 6, 25, 20
12: 13, 2, 15, 6, 24, 7, 20, 16
13: 9, 7, 25, 22, 3
14: 3, 0, 3, 11, 8
15: 8
16: 15
17: 23
18: 20
19: 21
20: 11, 17, 5, 15, 23, 14
21: 4
22: 8, 13
23: 27, 10
24: 22, 12, 10, 13
25: 13, 21, 12, 5, 21, 13, 20
26: 28, 0, 18, 24, 18, 17
27: 15, 9, 23, 19, 19, 19, 11
28: 25, 19, 6, 15, 19, 14, 1