# Number of Floors, Capacity
27, 8
# Floor Requests
0: 7, 21, 5, 15, 20
1: 25, 22, 13
2: 22
3: 13, 14, 1
4: 8, 11, 19, 7, 12, 6, 3
5: 21, 6, 2, 3, 15, 17, 9, 13
6: 0
7: 1, 9, 14, 24, 22
8: 7, 24, 26, 13, 13, 5
9: 7, 6, 2, 10, 6, 20, 21
10: 15, 9
11: 8, 9
12: 2, 23, 18, 25
13: 25, 3, 1, 23, 14, 8, 12
14: 25, 3, 0, 0
15: 5, 11, 22
16: 24, 26, 25, 5, 14
17: 10, 16, 2
18: 26, 19
19: 15, 13, 8, 24, 23, 1, 13
20: 21, 25, 13
21: 9, 2, 4, 0, 10
22: 5, 2, 13, 26, 3
23: 21, 25, 9, 13, 24, 17, 9, 1
24: 14, 3, 6, 4, 4, 21, 11
25: 9, 19
26: 14, 0