# Number of Floors, Capacity
30, 8
# Floor Requests
0: 5, 2, 27, 3, 1, 21, 3
1: 9, 24, 5, 28, 10, 12, 4
2: 24, 17, 9, 3, 9, 29, 25, 21
3: 0, 13
4: 5, 8, 12, 23, 16, 29, 23
5: 27, 1, 14
6: 24, 4
7: 24, 24, 15
8: 5, 4, 5, 0, 12
9: 2, 6, 26, 13, 6, 13, 4, 19
10: 24
11: 1, 25, 28, 23
12: 1, 1, 1
13: 28, 16, 17, 19
14: 9
15: 17, 6, 8, 28, 24, 21, 14
16: 13, 7, 8, 26, 0
17: 14, 19, 19, 0
18: 19, 27
19: 4, 21, 29, 21
20: 12, 11, 1, 16, 11, 9
21: 25, 2, 5, 5, 25
22: 10, 8, 29, 26, 1, 1, 17, 21
23: 10, 21, 2, 17, 28, 24, 5
24: 11, 2, 5
25: 3, 20, 21, 11
26: 27, 28, 15, 7, 23, 17, 1, 21
27: 16, 11, 25, 11, 21, 10, 11, 5
28: 10, 18, 12, 27, 0, 8
29: 10, 11, 20, 4, 25, 15