# Number of Floors, Capacity
71, 5
# Floor Requests
0: 5
1: 21
2: 12
3: 64, 20
4: 0
5: 64, 28
6: 64, 33, 35, 33
7: 46, 24, 56, 42
8: 18, 53, 45
9: 59, 51, 69, 56, 42
10: 40, 54, 46, 13, 27
11: 28, 41, 14, 37, 9
12: 0, 12, 5, 7
13: 24, 36, 46, 65, 12
14: 23
15: 57, 14, 23, 8, 33
16: 46, 13, 38
17: 17
18: 60, 12
19: 44, 28, 29, 40, 22
20: 4
21: 55, 35, 0, 43, 8
22: 46, 59, 3
23: 21, 66, 0, 4
24: 67, 40
25: 1, 34
26: 20, 8, 19, 17
27: 14, 12, 19, 41
28: 26, 14
29: 8, 33
30: 46, 59, 53, 51
31: 67, 47, 33, 68
32: 15, 64, 15, 26, 8
33: 68, 54, 30
34: 66, 43, 68
35: 3, 25, 54, 16, 39
36: 24, 51
37: 9, 50, 20, 54
38: 53, 16, 33, 12, 3
39: 65, 45, 55
40: 45, 46, 24, 64, 12
41: 51, 14, 52, 42, 51
42: 5, 45, 18
43: 44, 63, 30, 6, 47
44: 58, 47, 10
45: 13, 37, 31, 63, 14
46: 36, 64
47: 22
48: 49
49: 2
50: 70
51: 34, 60, 17, 41
52: 68, 62, 3
53: 0, 3, 27
54: 27, 68, 46, 4, 56
55: 2, 18
56: 65, 35, 23, 53
57: 30
58: 29, 60, 33
59: 53, 13, 44, 67, 24
60: 20
61: 35, 68, 37
62: 42, 30, 62
63: 55, 13
64: 55, 19, 23, 58, 1
65: 53, 64, 3, 57, 60
66: 2, 47, 57, 35
67: 62
68: 64
69: 25, 61, 28
70: 43