# Number of Floors, Capacity
79, 5
# Floor Requests
0: 63, 44, 23
1: 39, 45
2: 77, 17, 22, 44
3: 29, 45, 4
4: 50, 68
5: 70, 18, 2, 17
6: 58
7: 10, 48
8: 16
9: 60
10: 55, 48, 73, 35, 46
11: 47, 74
12: 13
13: 31, 5, 60, 20
14: 62
15: 7, 32, 43
16: 65
17: 70
18: 22
19: 49, 46, 3, 69
20: 27
21: 73
22: 22, 36, 2
23: 0, 34, 37, 77
24: 62, 41, 73, 19, 44
25: 35, 1
26: 75
27: 6, 38, 32, 38, 63
28: 55, 24
29: 53
30: 43, 16, 54, 66
31: 5, 2, 35, 3
32: 6, 4, 23
33: 51, 44, 26
34: 6, 50, 47, 57
35: 47, 37, 30
36: 23, 51, 42, 18, 21
37: 62, 2
38: 37
39: 0, 52, 44, 7, 61
40: 63, 7, 56, 65
41: 44, 28
42: 58
43: 30, 57, 16
44: 50, 25, 52, 44
45: 32
46: 25, 58, 75
47: 40, 41, 49, 68
48: 38, 73, 6, 66
49: 35, 11, 42
50: 18
51: 77, 26
52: 8, 31, 31, 19, 17
53: 17, 24, 60
54: 36, 52, 15, 20
55: 11
56: 47, 52, 12, 60
57: 11, 7, 62, 42
58: 10, 43, 43
59: 1, 43, 63, 63, 23
60: 69, 5, 7, 24, 17
61: 53, 44, 73
62: 9
63: 70, 25, 54
64: 64, 51, 37, 73
65: 50, 50, 32, 48
66: 30, 64
67: 16, 42, 55, 73, 38
68: 8, 66, 75, 11
69: 65, 30, 0, 11
70: 45
71: 34, 38, 76, 2, 56
72: 23, 26, 41, 6
73: 77, 30, 75, 55
74: 68, 16, 33
75: 55, 43, 55, 61, 12
76: 67, 23
77: 34, 68, 60
78: 32, 41, 77, 23, 60