# Number of Floors, Capacity
29, 8
# Floor Requests
0: 25, 5, 10, 26, 14, 11, 4, 20
1: 21, 1, 25, 25
2: 26, 5
3: 23, 7, 18, 28, 8
4: 10, 20, 2, 12, 8
5: 6, 23, 26, 23, 2, 26, 23
6: 16, 26
7: 3, 12
8: 20, 11
9: 13, 19, 18
10: 26
11: 21, 1, 13, 20
12: 20, 9, 4, 8, 26
13: 27, 20
14: 25, 21, 6, 7
15: 25, 28, 20, 8, 10, 21
16: 19, 16, 25, 5, 13
17: 5, 16, 0, 6
18: 21, 20, 28
19: 9, 15, 7, 18
20: 23, 28, 17, 1, 3, 15
21: 24, 11, 19
22: 20, 11, 20, 24, 2, 7
23: 13, 0, 2, 20, 19, 24, 17, 0
24: 6, 13, 19, 8
25: 11, 17, 7, 10
26: 8, 26, 3, 25, 10
27: 12, 8, 8, 26, 26
28: 2, 7, 28