# Number of Floors, Capacity
74, 5
# Floor Requests
0: 16, 38, 24
1: 51, 71, 46, 64
2: 29, 16, 46, 18
3: 8, 50
4: 48
5: 20
6: 67, 9, 1, 39
7: 49, 57, 68, 31, 41
8: 41, 6, 8
9: 43, 63, 9, 72, 65
10: 19
11: 26, 12
12: 37
13: 34, 51, 9
14: 55, 8, 12, 50
15: 30, 4, 16, 72, 27
16: 55, 30, 7
17: 68, 28, 57, 72
18: 49
19: 65, 21, 52, 17
20: 6, 30, 53, 47
21: 10, 61, 50
22: 44, 5, 34, 39
23: 39, 67, 9
24: 27, 22
25: 68, 55
26: 71, 3
27: 53, 14, 27, 42
28: 35, 21
29: 1, 21, 66, 33, 60
30: 66, 40
31: 68, 11, 51, 12, 33
32: 68, 12, 30
33: 26, 31, 62
34: 29
35: 11, 68, 64, 3, 27
36: 69, 65
37: 61
38: 15, 60, 63, 9, 46
39: 17
40: 30, 43, 26, 73, 28
41: 6
42: 24, 57
43: 16, 25, 5
44: 0, 29, 23, 67, 27
45: 53, 40, 23
46: 0, 69, 22
47: 29, 17, 30, 66
48: 20, 51
49: 28
50: 8, 70, 3, 55
51: 63, 55
52: 34, 16
53: 68, 27, 32, 25
54: 29, 37, 26, 61, 7
55: 14, 56, 10, 9, 20
56: 40, 7
57: 10, 64, 15, 13, 23
58: 29, 32, 23, 9
59: 54, 24, 26, 64
60: 50, 14, 20, 50, 27
61: 69
62: 47, 43
63: 54, 21, 56, 35
64: 73, 31, 45, 45, 72
65: 73
66: 19, 26, 33
67: 25, 15, 20
68: 56, 26, 12, 30, 1
69: 0, 28, 11, 35, 24
70: 38
71: 7
72: 10
73: 38