# Number of Floors, Capacity
91, 5
# Floor Requests
0: 85
1: 34
2: 33, 70, 75, 72, 15
3: 20, 60, 86, 24, 26
4: 25
5: 6
6: 53, 31
7: 29, 63
8: 37
9: 70, 13
10: 27
11: 59, 27, 69, 81, 75
12: 24, 10, 88, 3
13: 89, 12, 78
14: 18, 39
15: 54, 59, 0, 17
16: 17, 53, 81, 21
17: 74, 34, 28
18: 35, 47
19: 9, 40
20: 63, 67, 2, 85, 43
21: 25, 39, 77, 41, 65
22: 22, 70, 22
23: 35, 62, 10, 20, 39
24: 69, 40, 22
25: 7, 11, 38, 30, 18
26: 55, 61
27: 17, 72, 39
28: 46, 80, 24, 34
29: 68
30: 8, 24, 51, 71
31: 65, 66, 65, 84
32: 12, 27
33: 20, 75, 7, 34, 2
34: 59
35: 79
36: 73, 87
37: 30, 1, 83, 74, 34
38: 22, 63, 71
39: 74, 71, 57, 87
40: 64, 28, 0, 10
41: 23
42: 28, 11, 88, 20
43: 46
44: 63, 38, 74, 71
45: 24, 15, 63, 72, 50
46: 85
47: 25, 87, 34
48: 14, 11, 87, 90
49: 40, 69, 61
50: 73, 53, 21, 41
51: 8
52: 0, 67, 36, 9, 5
53: 41, 17, 6
54: 0, 39, 71, 77
55: 78, 11, 46
56: 50, 43, 79, 56, 21
57: 24
58: 5, 28, 86, 36, 87
59: 77, 63, 85
60: 71
61: 13, 59, 41
62: 3, 48, 80
63: 3, 78, 19, 35, 6
64: 84, 11
65: 38, 59
66: 15, 39, 76
67: 45, 14, 44, 32, 79
68: 89, 74, 32, 51
69: 68, 11, 22, 81, 48
70: 75, 9, 48, 53
71: 51, 84, 46, 22
72: 16, 48, 40, 1, 90
73: 20, 82, 61
74: 30, 26
75: 72, 37
76: 27, 81, 42, 56
77: 19, 61, 34
78: 89, 88, 2, 57
79: 42, 56, 81, 54, 8
80: 3, 49, 3, 63
81: 82, 65
82: 80, 79, 58, 49, 6
83: 83, 47
84: 74
85: 27, 67, 50, 2
86: 18
87: 72, 52, 80, 32, 19
88: 51, 31, 59, 90, 88
89: 76, 88, 50, 15, 65
90: 64, 65, 31, 78, 2