# Number of Floors, Capacity
28, 8
# Floor Requests
0: 26, 27, 15, 8
1: 11, 22, 23, 8
2: 0
3: 14, 16, 10, 17, 7, 3, 13
4: 7, 21, 10, 21, 27, 0
5: 18, 9, 4
6: 1, 12, 10, 5, 16, 24
7: 8, 12, 9
8: 24
9: 6, 18, 18, 4, 24, 7, 25
10: 12
11: 14, 2, 24, 20, 10, 7, 1
12: 14, 9, 1, 9, 12, 15
13: 14, 7, 22, 2, 25, 10
14: 10, 4, 3, 5, 6
15: 14, 13, 9, 21, 27
16: 17, 0, 10, 10, 10
17: 7
18: 27, 3, 21, 12
19: 14, 18
20: 14, 22
21: 0, 3, 27, 19, 0
22: 16, 23, 10
23: 22
24: 8
25: 17, 5, 18, 26
26: 10, 22, 12, 24, 21
27: 17, 4, 21, 20, 0