# Number of Floors, Capacity
67, 5
# Floor Requests
0: 10, 34, 58
1: 30
2: 41, 52, 46, 40, 32
3: 22, 5
4: 44, 38, 11, 55, 1
5: 32, 18, 36, 53
6: 36, 28, 24, 31
7: 65, 64
8: 18, 2
9: 47
10: 5, 50, 58, 37
11: 50, 36, 55, 50, 46
12: 20, 37
13: 50, 42
14: 29, 27, 41, 12
15: 29, 1
16: 19, 11
17: 48
18: 31, 0, 46, 46, 66
19: 45, 20, 14
20: 56, 17, 4
21: 0, 13
22: 47, 8, 34
23: 57, 21, 0, 60
24: 41, 34, 50, 3, 14
25: 30
26: 1, 36, 5, 52, 0
27: 6, 51
28: 11, 63, 58, 32, 64
29: 8, 64, 0
30: 47, 27, 21, 13
31: 2, 51, 22
32: 8, 34, 29, 11, 11
33: 56, 38, 0
34: 7, 14, 28, 7
35: 48, 23, 33, 44, 10
36: 66
37: 64, 25, 24, 2
38: 63, 56
39: 48
40: 34, 55, 40
41: 41
42: 38, 39, 36
43: 16, 10, 52, 56, 55
44: 6, 24, 8
45: 60
46: 14, 21, 45
47: 58
48: 48, 28, 20, 66, 51
49: 11, 30, 46, 19
50: 41, 66, 21, 55
51: 25, 17, 14
52: 0, 0, 44, 63
53: 59, 45, 2
54: 49
55: 44
56: 30, 66, 0, 50, 8
57: 54, 45, 56, 1
58: 33
59: 53, 46, 48, 40
60: 5, 6, 7, 44
61: 11, 22, 36, 64
62: 63
63: 2
64: 25, 50, 0, 44
65: 25
66: 59, 53, 5