# Number of Floors, Capacity
30, 8
# Floor Requests
0: 18, 24, 12
1: 20, 10, 6, 5, 18
2: 0, 24, 23
3: 1
4: 7, 27, 20
5: 20, 18
6: 3, 21
7: 21, 4, 8
8: 9
9: 21, 3, 8, 17, 13, 15, 27, 26
10: 3, 0, 18
11: 13, 7, 4, 10, 4, 11, 26, 9
12: 28, 10, 22, 13, 0, 8, 28, 15
13: 1, 2, 22, 15, 7, 21
14: 6, 24, 20, 20, 14
15: 26, 16, 22
16: 16
17: 6, 10, 22, 10, 17, 11, 6, 28
18: 20, 11, 3, 2, 17
19: 18, 24, 27
20: 13, 4, 15, 3, 12
21: 1, 13, 11, 22, 18, 12, 16
22: 14, 6
23: 19, 24, 10, 21, 19, 6
24: 15, 26
25: 8, 22, 5, 4, 23, 0, 19, 6
26: 17, 5, 6, 28
27: 8, 20, 0, 24
28: 1
29: 0, 20, 18, 3, 0, 3