# Number of Floors, Capacity
48, 5
# Floor Requests
0: 42, 26
1: 4, 20, 5, 25, 7
2: 11, 1, 26
3: 36, 9, 42, 12, 4
4: 3
5: 3, 18
6: 37, 37, 41
7: 29
8: 3, 47, 14
9: 21, 43, 14
10: 32, 7, 22, 6
11: 32
12: 39, 13
13: 27, 2
14: 41, 40, 1
15: 37, 9, 14, 29
16: 39, 40, 8, 39
17: 29, 14, 6, 38, 26
18: 44, 43, 23, 7
19: 21, 14, 35, 1, 33
20: 39, 35, 33
21: 36, 37, 25, 40
22: 42, 25
23: 14
24: 40, 37
25: 22, 17, 39
26: 13, 17, 39
27: 12, 27
28: 26, 40
29: 20, 13, 31
30: 29, 13
31: 21, 46, 14
32: 25, 47
33: 9, 16, 46, 2
34: 27, 38
35: 12, 0, 6, 24
36: 46, 40, 36, 29, 20
37: 7, 45, 19
38: 17, 38, 21, 32, 10
39: 2, 37, 21, 25
40: 30, 23, 12, 27
41: 9, 19
42: 33, 21, 46, 4, 46
43: 27, 22
44: 4, 18, 41, 41
45: 17
46: 2, 0, 44, 13, 5
47: 44, 4, 47