# Number of Floors, Capacity
27, 8
# Floor Requests
0: 2, 15
1: 9, 9, 10, 17, 8, 17, 3
2: 4, 13, 9, 21, 0, 22, 7
3: 8, 10
4: 13, 1, 2, 13
5: 3, 4, 15, 1, 9, 20, 18, 7
6: 4, 15, 25, 24
7: 5, 4, 10, 24, 12, 2, 0
8: 24, 7, 21, 18, 20, 5, 1, 19
9: 17, 8, 6, 11, 5, 17, 7, 16
10: 3, 6, 17, 14, 8, 17, 1
11: 22, 2, 14, 1, 25, 16, 1, 19
12: 25, 25, 20, 15, 23, 22
13: 3, 4, 6
14: 6, 11, 10, 0, 0, 15, 13
15: 0
16: 14, 26, 17
17: 7
18: 1, 21, 0, 22, 1, 3, 7, 8
19: 7, 11, 6, 25, 10, 2, 22, 0
20: 21, 2, 14, 10, 19
21: 7, 12
22: 23, 2
23: 12
24: 4, 0, 6, 7
25: 18, 23, 10
26: 14, 3, 16, 25, 21, 7, 22