# Number of Floors, Capacity
26, 8
# Floor Requests
0: 15, 8, 0, 12, 23, 7, 17
1: 13, 13, 25, 25, 18, 4, 11
2: 10, 7, 10, 7, 11, 3, 3
3: 4, 24, 12, 22, 16, 7, 21, 20
4: 14, 19, 24
5: 3, 10, 16, 12, 10, 3, 8, 11
6: 15
7: 21, 19, 11
8: 23, 9, 0, 15, 21, 9
9: 5, 3, 23, 8
10: 25, 24, 3, 3, 4, 8
11: 2, 16, 8, 12, 10
12: 4, 0
13: 13, 20, 11, 19
14: 24, 19, 14, 14, 11, 0
15: 4, 15, 1, 6, 7
16: 0, 12, 10, 3
17: 20, 23
18: 2, 3, 7, 25, 23, 2
19: 17, 25, 15, 8, 21, 21
20: 13
21: 2, 3, 0, 17, 9, 6, 15
22: 19, 19
23: 21, 9, 23, 18
24: 19, 12, 18, 5
25: 3, 17, 16, 8, 14, 22, 14