# Number of Floors, Capacity
37, 5
# Floor Requests
0: 12, 33, 27
1: 0, 34, 2, 7
2: 32, 16
3: 5, 21, 21
4: 24, 10
5: 3, 5, 5, 36
6: 9, 6, 4, 8
7: 14, 29
8: 34, 30, 17
9: 31, 16, 10
10: 4, 31
11: 28
12: 28, 9, 18, 9
13: 24, 19, 11
14: 10, 12, 0
15: 5, 35
16: 3, 26, 26
17: 2, 21
18: 0, 5
19: 10, 5
20: 0, 17, 6, 1, 19
21: 4, 0, 2, 17, 17
22: 15, 16, 4
23: 1, 29, 23, 33
24: 26, 15, 33
25: 7, 27, 6, 29
26: 14, 9
27: 15, 29, 13, 8
28: 17, 12, 4, 12, 22
29: 3
30: 15, 17, 10
31: 9, 3, 4, 30, 11
32: 17, 28, 23, 35, 11
33: 10, 26, 22, 31
34: 30
35: 7
36: 36