# Number of Floors, Capacity
26, 8
# Floor Requests
0: 9, 19, 20, 19, 17, 17, 17, 10
1: 10, 17, 13, 25
2: 2
3: 2, 3, 1, 24, 4, 0, 5
4: 2, 19, 14, 4, 13, 16, 1, 15
5: 10, 16, 4
6: 23, 20, 8, 18, 20
7: 19, 18, 13, 15
8: 6, 14
9: 20, 0, 14, 15, 2
10: 7, 9, 24, 0, 18, 14, 13
11: 17, 9, 3, 21, 4
12: 0
13: 2, 9
14: 1
15: 22, 19, 22, 3, 17, 5, 15, 22
16: 21, 16, 10, 11, 19, 12, 15
17: 14, 15, 1, 7, 4, 4, 4, 19
18: 17, 2, 5, 9, 9
19: 6, 0, 24, 25, 2, 12, 4
20: 0, 15, 5, 11, 16, 2, 21
21: 5, 20, 4, 25, 4, 0
22: 11, 24, 4
23: 0, 24, 22
24: 12, 21, 20, 17
25: 14, 23, 16, 9, 17, 17, 25, 22