# Number of Floors, Capacity
93, 5
# Floor Requests
0: 66
1: 10
2: 78, 49, 66, 48, 38
3: 86
4: 2
5: 32
6: 0, 23, 4, 89
7: 51, 78, 1
8: 12
9: 24, 92, 19, 89
10: 66, 73, 65
11: 69, 27
12: 82
13: 82, 51, 18
14: 48
15: 51, 83, 81
16: 74
17: 69, 43
18: 25, 15, 67
19: 24
20: 15, 42
21: 52
22: 34, 41, 81
23: 2, 20, 53, 11, 62
24: 61, 0, 91, 65, 85
25: 84
26: 77, 88, 29, 92, 56
27: 18, 10, 40
28: 49, 11
29: 7, 85, 38, 40, 36
30: 70, 58, 60
31: 5, 45, 76, 46, 59
32: 74
33: 58
34: 55, 4, 31, 54
35: 14, 91, 87, 7
36: 47, 31
37: 76, 92
38: 20, 34, 80
39: 26, 18
40: 59, 19, 20, 75
41: 92
42: 57, 33, 54, 65
43: 73, 1
44: 81, 52, 12, 87
45: 85, 80, 30, 13, 66
46: 17, 5, 39
47: 3, 69, 70, 21
48: 75, 24
49: 49, 74, 92, 16, 31
50: 71, 46, 12, 88
51: 40, 67, 55, 39, 13
52: 54, 48, 88, 15
53: 63, 63, 4, 36, 71
54: 1, 26
55: 37, 74, 49, 83, 25
56: 64, 75, 12, 50, 45
57: 58, 86, 4, 39
58: 75, 19, 80, 92
59: 83, 66, 75, 85
60: 59, 47
61: 85, 31
62: 18, 21, 41
63: 6, 79, 37, 82, 62
64: 66, 40
65: 37, 55, 80, 60
66: 26, 43
67: 24, 19, 85, 13
68: 55, 76
69: 28
70: 57
71: 52
72: 53, 66, 74, 29, 26
73: 51, 47, 79, 61, 6
74: 77, 9, 44
75: 58, 40, 52
76: 12
77: 81, 60, 21, 11, 68
78: 8, 29, 73
79: 51, 63
80: 48
81: 90, 17, 42
82: 19, 31, 49
83: 60, 11, 86, 6, 21
84: 61, 31, 27
85: 22
86: 57
87: 35, 88, 33, 85
88: 53, 72, 19, 4, 76
89: 39, 29, 8
90: 21, 51, 4, 70, 13
91: 39, 32
92: 60, 54