# Number of Floors, Capacity
56, 5
# Floor Requests
0: 17
1: 39, 5, 13, 35, 53
2: 4, 33, 25, 14, 30
3: 41, 41, 9, 8
4: 2, 42, 53, 7, 48
5: 42, 0, 54, 18
6: 40
7: 22, 1, 30
8: 19, 16
9: 14, 50, 26, 51
10: 14, 27, 15
11: 21, 43
12: 29, 2
13: 5, 37, 30, 22
14: 33, 15, 5
15: 45
16: 43, 24
17: 10, 20, 27
18: 47, 55
19: 5, 1
20: 7, 1, 33, 6, 23
21: 34, 30, 45, 53, 30
22: 1, 29, 49, 17
23: 1, 49, 53
24: 38, 29, 31
25: 16, 34, 38, 24, 3
26: 20, 55, 53, 25
27: 49, 15, 8
28: 35
29: 49, 47, 40
30: 36
31: 21
32: 22, 49, 28
33: 40, 48, 23, 0, 48
34: 0, 49, 27, 2
35: 6, 53
36: 30, 50, 5, 36
37: 27, 39, 20, 39
38: 3, 35, 29, 49
39: 15
40: 10, 24, 10, 12, 2
41: 5, 20, 16, 24, 29
42: 13, 18, 19, 34
43: 8
44: 47, 37, 51, 43, 33
45: 51
46: 13, 11, 29, 42
47: 52, 49, 28, 37, 9
48: 1, 40, 52, 48
49: 44, 6, 27
50: 45, 40, 31
51: 6, 30, 11, 4, 13
52: 36, 41, 44
53: 43, 54, 10, 15, 12
54: 51, 5, 2, 37
55: 45, 35