# Number of Floors, Capacity
92, 5
# Floor Requests
0: 55, 46, 18
1: 90
2: 90
3: 81, 59, 31, 44, 59
4: 44, 4, 89
5: 31, 62, 18, 74, 24
6: 36, 53, 17
7: 5
8: 61, 80, 60
9: 65, 63, 76
10: 62
11: 24, 77, 39, 59
12: 29, 28, 63, 50, 83
13: 32
14: 61, 14, 24
15: 8, 49
16: 26, 51, 54
17: 59, 85, 8, 34, 53
18: 74, 82
19: 68, 77, 37, 84, 39
20: 82, 17, 15, 9, 84
21: 61, 82
22: 90, 58
23: 25
24: 34
25: 72, 71, 85
26: 11, 88, 85, 48
27: 68, 85, 43
28: 14, 53, 24, 89
29: 13, 70, 65, 51
30: 48, 46
31: 76
32: 84, 10, 23
33: 2, 64, 10, 91
34: 10, 3, 82
35: 84, 82
36: 56, 51, 38, 12
37: 44, 44, 15, 52
38: 83, 37
39: 78
40: 84
41: 31, 6, 56
42: 53, 16, 28, 62, 21
43: 44, 10, 58
44: 15, 28, 73, 56, 69
45: 75, 25, 44, 60, 63
46: 2, 33, 23, 52, 25
47: 81, 48
48: 39, 72, 15, 1
49: 20
50: 43, 24, 82
51: 31
52: 22, 36
53: 60, 32, 31, 47, 28
54: 41, 25
55: 62, 24
56: 56, 91
57: 88, 26, 24, 88
58: 32, 60, 31, 42
59: 63, 54, 83, 54, 20
60: 75
61: 35, 29, 24, 30
62: 27, 7, 36, 11, 6
63: 63
64: 69, 28
65: 35, 8
66: 86, 47
67: 11, 79
68: 81, 29
69: 16
70: 62, 77, 38, 34
71: 59
72: 28, 86, 55, 71
73: 49, 9, 78, 90
74: 86, 42, 19, 18
75: 61, 90, 8, 10, 39
76: 14, 7, 7, 83
77: 80, 73, 16
78: 72
79: 6, 43
80: 2
81: 45, 58, 66, 20
82: 25, 59, 67, 50
83: 65, 86, 63
84: 38, 56, 58
85: 25, 8, 55
86: 20, 11, 49, 63
87: 22, 79, 84
88: 82, 60, 24, 39, 36
89: 91, 62, 30
90: 33, 73, 67
91: 49, 42, 12, 89, 74