# Number of Floors, Capacity
59, 5
# Floor Requests
0: 4, 31, 54
1: 39
2: 34
3: 13, 56, 44
4: 50, 53, 18
5: 32, 0
6: 23
7: 53, 8, 16
8: 49, 35, 17
9: 45, 53, 45, 5
10: 35, 40, 2, 14
11: 45, 23
12: 44, 22, 49, 31, 9
13: 53, 45
14: 50, 39, 20, 50, 29
15: 37, 43, 47, 35, 21
16: 43, 4
17: 51, 16, 57
18: 47, 32, 24, 40, 46
19: 2, 28, 47
20: 39, 57
21: 18, 55, 53, 54, 39
22: 30, 58
23: 11, 40
24: 49, 54, 41, 45
25: 6, 48
26: 38, 1
27: 23, 46
28: 15, 48, 49
29: 36
30: 47
31: 28, 49, 18, 36
32: 3, 25
33: 35, 38, 14
34: 57
35: 56, 2, 28, 47
36: 28, 9, 53, 48, 31
37: 21, 54, 14, 50
38: 1, 21, 9
39: 27, 32, 36, 31
40: 45
41: 39, 50
42: 15, 46, 26, 46
43: 38, 5, 11
44: 54
45: 0
46: 46, 41
47: 47
48: 11, 13, 47
49: 54, 30, 11
50: 24
51: 11
52: 26
53: 20, 28
54: 33, 44
55: 40, 9, 49, 18
56: 13, 45, 35
57: 55
58: 48, 51, 56, 43