# Number of Floors, Capacity
30, 8
# Floor Requests
0: 26, 5, 0, 18, 22
1: 13, 4, 12
2: 5, 1, 11, 18, 27, 21, 1, 11
3: 17, 13, 5
4: 18, 18, 0, 3, 14, 7, 26, 3
5: 10, 23, 19, 25
6: 7, 13, 27, 12
7: 16, 3, 6, 20, 15, 2, 27, 1
8: 3, 21, 3, 14, 17
9: 18, 18, 20, 3, 19, 8
10: 17
11: 12, 13, 21, 8, 22
12: 3, 13, 14, 7
13: 5, 29, 29, 16, 27, 21, 8
14: 22
15: 13, 27, 28, 9, 17
16: 28, 10
17: 15, 2, 26, 24, 27
18: 28, 6, 10, 14, 7
19: 1, 5
20: 9, 21, 27, 14, 27, 8
21: 22, 29, 24, 25, 7, 20, 4, 24
22: 12, 10, 23, 6
23: 5
24: 22, 4
25: 5, 25
26: 15, 15, 4, 2, 2, 9, 23
27: 23
28: 24
29: 1, 15