# Number of Floors, Capacity
66, 5
# Floor Requests
0: 43
1: 28, 25, 27
2: 26
3: 44, 32
4: 20, 61
5: 8, 29, 34, 49, 58
6: 0, 49, 35
7: 42
8: 39, 19, 57, 24
9: 10
10: 52, 40, 8, 28
11: 4, 36
12: 9, 40
13: 36, 61, 29, 36, 35
14: 42, 29
15: 44, 65, 57, 29, 34
16: 4
17: 11, 42
18: 10, 48, 49
19: 13
20: 49, 11, 53
21: 56, 13
22: 31, 32, 30
23: 41, 62
24: 30, 45, 52, 5, 43
25: 29
26: 53, 50, 17, 37
27: 43, 61, 34, 60
28: 35, 17
29: 21
30: 55, 29, 50, 65, 47
31: 21, 53
32: 2, 21, 60, 59
33: 26, 64, 0
34: 13
35: 34, 8, 58
36: 62, 62, 40, 40
37: 44, 55
38: 51, 26
39: 43
40: 62, 0
41: 52
42: 60, 19, 42, 33, 48
43: 20, 57, 60, 43
44: 32, 49, 35, 16, 45
45: 14, 40, 41, 25, 30
46: 21, 51
47: 9, 21, 13
48: 26, 34, 22
49: 46, 5
50: 6, 15, 15
51: 5, 24, 57, 41, 47
52: 50, 4, 44, 19, 36
53: 3, 21, 11, 16
54: 28, 4, 48, 35
55: 58, 27, 24, 10
56: 29
57: 60, 4, 59
58: 62, 41, 56, 33, 22
59: 11, 51, 11, 49
60: 39, 16, 35, 35, 7
61: 54
62: 47, 57
63: 15, 21
64: 29, 27, 6, 43
65: 32, 40, 41, 64, 63