# Number of Floors, Capacity
51, 5
# Floor Requests
0: 40, 40, 14, 19
1: 2, 3, 47
2: 38
3: 32, 1, 43, 18
4: 17, 14, 8, 20
5: 34, 5, 34, 16, 11
6: 16, 22, 9, 28, 18
7: 1, 16, 21, 34, 10
8: 24, 9, 11, 43
9: 8, 48, 20, 47, 9
10: 20, 35, 12
11: 8, 33, 24, 47
12: 47, 44, 25, 49
13: 17, 32, 36
14: 7
15: 11, 49
16: 37
17: 15, 10, 29, 9, 0
18: 11
19: 26, 11, 43, 40
20: 21, 34, 18, 46
21: 8, 23, 27
22: 10, 18, 25
23: 16, 42, 21, 16, 47
24: 11
25: 32, 41
26: 8
27: 15, 0
28: 27
29: 33
30: 46, 14, 17
31: 24, 18
32: 1
33: 26
34: 43, 0, 48
35: 5, 17, 0, 48
36: 20, 12
37: 34, 22, 23, 18
38: 1, 23, 3, 29
39: 49
40: 41, 8, 40, 44
41: 47, 20, 16, 15, 25
42: 9, 29, 4, 16, 7
43: 27, 27
44: 5
45: 19, 30, 50, 6, 37
46: 21, 42, 30, 39, 38
47: 8, 38, 37
48: 37, 23
49: 42, 26, 4, 14, 41
50: 11, 50, 46, 4