# Number of Floors, Capacity
23, 8
# Floor Requests
0: 0, 18, 14, 18, 20
1: 3, 15, 4, 21, 15, 14, 2, 14
2: 22, 13, 7, 21, 21, 19, 4, 21
3: 3, 8, 22, 7, 4, 2, 12
4: 20, 3, 21, 0, 7, 16, 21
5: 6, 18, 0, 15
6: 22, 19
7: 2, 12, 19, 3
8: 19
9: 19, 7, 13, 15, 12
10: 1, 3, 20, 6, 18, 7, 13, 6
11: 16, 6, 1, 22
12: 21, 2, 20, 0, 5, 0
13: 6, 12
14: 17, 3, 15, 20
15: 14, 18, 15, 6, 15, 17
16: 6, 6
17: 13, 0, 22, 18, 16, 0, 13, 5
18: 15, 5, 19, 5, 12, 6
19: 15, 11, 2, 12, 21
20: 22, 22, 15, 1, 11, 15, 0
21: 14, 10, 17
22: 15, 7, 20, 8