# Number of Floors, Capacity
25, 8
# Floor Requests
0: 17, 7, 8, 15, 2, 9, 15
1: 14, 0, 21, 21
2: 5, 10, 5, 14, 19
3: 21, 15, 20, 21, 6, 19, 19, 0
4: 11
5: 18, 23, 20
6: 18, 2
7: 19, 11, 7, 10
8: 13, 19, 10, 24, 20, 21, 6, 15
9: 11, 3
10: 6, 23, 16, 11
11: 20, 14, 20, 5, 8, 21, 0, 14
12: 4, 20, 1
13: 1, 15, 11, 8, 9, 19, 10, 12
14: 19, 23, 19, 1, 20
15: 20, 24
16: 22, 15
17: 9, 22, 1, 11, 3, 20
18: 23, 24, 23, 23
19: 18, 4, 17, 15, 8, 13, 9, 16
20: 14, 1, 8, 1
21: 1, 24, 5, 5
22: 21, 4, 10, 23, 22, 2, 22
23: 18
24: 13, 10