# Number of Floors, Capacity
26, 8
# Floor Requests
0: 10, 19, 19
1: 20
2: 13, 19, 13, 17, 9, 10
3: 25, 6, 12, 19
4: 2, 0, 23, 14, 3, 17, 18
5: 8, 11, 10, 14, 3
6: 13
7: 17, 21, 23
8: 16, 13, 13, 24, 14, 0
9: 14, 18, 17
10: 25, 24
11: 0, 12, 16, 6, 25, 12, 6
12: 5
13: 25
14: 8, 21, 21, 21, 9, 12, 12, 0
15: 4, 0, 17, 14, 18, 15, 13
16: 20
17: 0, 8, 10, 9, 6, 12, 23
18: 5, 12
19: 8, 19, 18, 12, 22
20: 10, 15, 3, 13, 24, 15, 13
21: 25, 9, 17
22: 17, 0, 5
23: 14, 12, 24, 10, 3
24: 20, 0, 23, 8, 2
25: 15, 22, 21, 19, 10, 14, 23, 10