# Number of Floors, Capacity
27, 8
# Floor Requests
0: 14, 16, 19
1: 3, 9, 17
2: 7, 6, 21
3: 14, 0, 4, 22, 10
4: 17, 9, 7, 16, 20, 6
5: 9, 16, 7
6: 13, 18, 3, 20, 21
7: 11, 16, 16, 21, 11, 2
8: 25, 17, 22
9: 5, 3, 21, 6, 2
10: 1, 24, 0, 10, 7, 11
11: 11, 0, 19, 11, 3, 2
12: 21, 26, 1, 20
13: 22, 18
14: 19, 24, 9, 20, 14
15: 9, 15, 24
16: 25, 24, 17, 6, 20, 14, 9
17: 2, 17
18: 9, 11, 10, 25, 5, 12, 13
19: 13, 24, 12
20: 11, 25, 8, 20
21: 18
22: 13, 20, 18, 18, 21, 22
23: 4, 12, 8, 26, 12
24: 18, 19, 24, 11, 26, 9, 22
25: 11, 5, 18
26: 9, 17, 21, 11, 15, 11, 4