# Number of Floors, Capacity
96, 5
# Floor Requests
0: 69, 40, 95, 72, 79
1: 0, 71, 16
2: 55, 71, 49
3: 42
4: 64, 12, 4, 12, 29
5: 16, 4
6: 2, 78, 43, 47
7: 10, 51, 19, 94
8: 1
9: 30, 21
10: 93, 49, 31, 18
11: 83, 14, 46, 91
12: 35, 55
13: 75, 92, 95
14: 41
15: 79, 38
16: 20, 18, 54, 15
17: 52, 73, 13, 66
18: 7, 25
19: 18, 55
20: 24, 56, 56, 7, 19
21: 17
22: 95, 31, 50, 37, 10
23: 4, 15, 31, 15
24: 68, 41, 86, 67, 18
25: 3, 63, 74
26: 30
27: 43, 95, 18, 79, 85
28: 20, 39
29: 80, 88, 62
30: 35, 41, 9, 24
31: 9, 93, 74, 82
32: 40, 65, 0
33: 90, 93, 79, 38, 26
34: 61, 71, 44, 45
35: 64
36: 3, 68, 95, 30, 71
37: 34, 67
38: 71, 35, 62, 16, 53
39: 71, 59, 10, 66, 52
40: 68, 66
41: 43
42: 80, 26, 68, 93
43: 45, 38
44: 13, 42, 37, 66, 29
45: 53
46: 20
47: 16
48: 51, 16, 93, 41, 76
49: 11, 3, 80, 54
50: 82, 13, 23
51: 78, 54, 63
52: 63, 2, 35, 51, 83
53: 26, 16
54: 79, 24
55: 91, 61, 4, 59
56: 46
57: 36
58: 48, 85, 6
59: 11
60: 9, 33, 61, 56
61: 73, 83, 86
62: 53, 29, 20
63: 90, 62
64: 52, 18, 50, 50
65: 49, 12
66: 80, 92, 19
67: 43, 70, 8, 33
68: 20, 6
69: 28, 26, 55, 91
70: 56, 61, 72, 22, 0
71: 47, 39, 38, 4, 24
72: 42, 44, 72, 69
73: 89, 62, 73, 67, 2
74: 55, 48, 74, 15, 85
75: 13
76: 52, 42, 17, 60
77: 25, 15
78: 37, 48, 76
79: 0
80: 4, 10, 6, 78
81: 6, 23, 15
82: 92, 70, 72
83: 70, 56, 38
84: 6, 53, 54
85: 57, 23
86: 1, 68, 18
87: 69
88: 5, 71, 92, 74, 24
89: 76
90: 59, 43, 62
91: 13, 64, 26
92: 25, 69, 79, 49
93: 5, 11, 28
94: 25, 67
95: 92, 21, 35, 84